0
0
0
0
0
0
0
0.669565217
0.273913043
0.886956522
0.891304348
0.873913043
0.873913043
0.87826087
0.9
0.930434783
0.965217391
0.965217391
0.969565217
0.595652174
0.643478261
0
0
0
0
0
0
0
0
0
0.060869565
0.865217391
0.930434783
0.856521739
0.956521739
0.969565217
0.973913043
0.969565217
0.973913043
0.969565217
0.947826087
0.969565217
0.943478261
0.717391304
0.234782609
0
0
0
0
0
0
0
0
0
0
0.682608696
0.717391304
0.691304348
0.686956522
0.717391304
0.717391304
0.717391304
0.717391304
0.717391304
0.873913043
0.230434783
0
0.556521739
0.095652174
0.113043478
0
0
0
0
0
0
0
0
0
0
0
0
0
0.517391304
0.230434783
0.465217391
0.47826087
0.456521739
0.252173913
0.343478261
0
0
0
0.117391304
0
0
0
0
0
0
0
0
0
0.67826087
0.943478261
0.782608696
0.713043478
0.717391304
0.717391304
0.717391304
0.717391304
0.691304348
0.717391304
0.72173913
0.965217391
0.717391304
0.286956522
0.143478261
0
0
0
0
0
0
0
0
0
0.673913043
0.717391304
0.72173913
0.72173913
0.708695652
0.717391304
0.639130435
0.752173913
0.891304348
0.795652174
0.969565217
0.895652174
0.47826087
0
0.147826087
0
0
0
0
0
0
0
0
0
0.713043478
0.969565217
0.847826087
0.704347826
0.708695652
0.72173913
0.726086957
0.930434783
0.72173913
0.72173913
0.739130435
0.904347826
0.717391304
0.130434783
0.052173913
0
0
0
0
0
0
0
0
0
0.669565217
0.273913043
0.886956522
0.891304348
0.873913043
0.873913043
0.87826087
0.9
0.930434783
0.965217391
0.965217391
0.969565217
0.595652174
0.643478261
0
0
0
0
0
0
0
0
0
0.060869565
0.865217391
0.930434783
0.856521739
0.956521739
0.969565217
0.973913043
0.969565217
0.973913043
0.969565217
0.947826087
0.969565217
0.943478261
0.717391304
0.234782609
0
0
0
0
0
0
0
0
0
0
0.682608696
0.717391304
0.691304348
0.686956522
0.717391304
0.717391304
0.717391304
0.717391304
0.717391304
0.873913043
0.230434783
0
0.556521739
0.095652174
0.113043478
0
0
0
0
0
0
0
0
0
0
0
0
0
0.517391304
0.230434783
0.465217391
0.47826087
0.456521739
0.252173913
0.343478261
0
0
0
0.117391304
0
0
0
0
0
0
0
0
0
0.67826087
0.943478261
0.782608696
0.713043478
0.717391304
0.717391304
0.717391304
0.717391304
0.691304348
0.717391304
0.72173913
0.965217391
0.717391304
0.286956522
0.143478261
0
0
0
0
0
0
0
0
0
0.673913043
0.717391304
0.72173913
0.72173913
0.708695652
0.717391304
0.639130435
0.752173913
0.891304348
0.795652174
0.969565217
0.895652174
0.47826087
0
0.147826087
0
0
0
0
0
0
0
0
0
0.713043478
0.969565217
0.847826087
0.704347826
0.708695652
0.72173913
0.726086957
0.930434783
0.72173913
0.72173913
0.739130435
0.904347826
0.717391304
0.130434783
0.052173913
0
0
0
0
0
0
0
0
0
0.669565217
0.273913043
0.886956522
0.891304348
0.873913043
0.873913043
0.87826087
0.9
0.930434783
0.965217391
0.965217391
0.969565217
0.595652174
0.643478261
0
0
0
0
0
0
0
0
0
0.060869565
0.865217391
0.930434783
0.856521739
0.956521739
0.969565217
0.973913043
0.969565217
0.973913043
0.969565217
0.947826087
0.969565217
0.943478261
0.717391304
0.234782609
0
0
0
0
0
0
0
0
0
0
0.682608696
0.717391304
0.691304348
0.686956522
0.717391304
0.717391304
0.717391304
0.717391304
0.717391304
0.873913043
0.230434783
0
0.556521739
0.095652174
0.113043478
0
0
0
0
0
0
0
0
0
0
0
0
0
0.517391304
0.230434783
0.465217391
0.47826087
0.456521739
0.252173913
0.343478261
0
0
0
0.117391304
0
0
0
0
0
0
0
0
0
0.67826087
0.943478261
0.782608696
0.713043478
0.717391304
0.717391304
0.717391304
0.717391304
0.691304348
0.717391304
0.72173913
0.965217391
0.717391304
0.286956522
0.143478261
0
0
0
0
0
0
0
0
0
0.673913043
0.717391304
0.72173913
0.72173913
0.708695652
0.717391304
0.639130435
0.752173913
0.891304348
0.795652174
0.969565217
0.895652174
0.47826087
0
0.147826087
0
0
0
0
0
0
0
0
0
0.869565217
0.817391304
0.813043478
0.760869565
0.817391304
0.817391304
0.817391304
0.813043478
0.817391304
0.817391304
0.817391304
0.817391304
0.369565217
0.626086957
0.191304348
0
0
0
0
0
0
0
0
0
0.865217391
0.82173913
0.813043478
0.795652174
0.817391304
0.72173913
0.82173913
0.817391304
0.72173913
0.817391304
0.817391304
0.817391304
0.647826087
0.095652174
0.008695652
0
0
0
0
0
0
0
0
0
0.891304348
0.82173913
0.817391304
0.808695652
0.817391304
0.817391304
0.817391304
0.817391304
0.817391304
0.817391304
0.817391304
0.82173913
0.334782609
0.565217391
0.37826087
0
0
0
0
0
0
0
0
0
0.873913043
0.817391304
0.817391304
0.760869565
0.8
0.817391304
0.817391304
0.817391304
0.817391304
0.808695652
0.717391304
0.32173913
0
0
0
0
0
0
0
0
0
0
0
0
0
0
0
0
0.091304348
0.117391304
0.726086957
0.847826087
0.447826087
0.534782609
0.960869565
0.547826087
0.717391304
0.47826087
0.230434783
0.230434783
0
0
0
0
0
0
0
0
0.808695652
0.969565217
0.9
0.960869565
0.956521739
0.969565217
0.969565217
0.917391304
0.913043478
0.969565217
0.969565217
0.969565217
0.565217391
0.530434783
0
0
0
0
0
0
0
0
0
0
0.852173913
0.904347826
0.886956522
0.895652174
0.965217391
0.917391304
0.87826087
0.908695652
0.882608696
0.973913043
0.969565217
0.969565217
0.543478261
0.586956522
0
0
0
0
0
0
0
0
0
0.02173913
0.817391304
0.886956522
0.826086957
0.839130435
0.856521739
0.92173913
0.886956522
0.908695652
0.87826087
0.969565217
0.969565217
0.969565217
0.72173913
0.169565217
0
0
0
0
0
0
0
0
0
0
0.856521739
0.956521739
0.952173913
0.908695652
0.808695652
0.969565217
0.956521739
0.969565217
0.969565217
0.969565217
0.817391304
0.960869565
0.726086957
0.052173913
0
0
0
0
0
0
0
0
0
0
0.860869565
0.934782609
0.930434783
0.852173913
0.969565217
0.969565217
0.87826087
0.891304348
0.934782609
0.965217391
0.965217391
0.965217391
0.417391304
0.034782609
0.660869565
0
0
0
0
0
0
0
0
0
0.873913043
0.965217391
0.708695652
0.891304348
0.960869565
0.969565217
0.969565217
0.965217391
0.969565217
0.539130435
0
0
0.517391304
0.243478261
0
0
0
0
0
0
0
0
0
0
0
0
0
0
0
0
0
0.339130435
0.452173913
0.291304348
0.856521739
0.195652174
0
0
0
0
0
0
0
0
0
0
0
0
0.891304348
0.965217391
0.969565217
0.969565217
0.969565217
0.969565217
0.969565217
0.956521739
0.965217391
0.965217391
0.969565217
0.956521739
0.513043478
0.72173913
0.07826087
0
0
0
0
0
0
0
0
0
0.856521739
0.969565217
0.895652174
0.908695652
0.969565217
0.969565217
0.939130435
0.943478261
0.9
0.969565217
1
0.969565217
0.808695652
0.360869565
0
0
0
0
0
0
0
0
0
0
0.786956522
0.969565217
0.913043478
0.939130435
0.865217391
0.969565217
0.939130435
0.934782609
0.939130435
0.952173913
0.965217391
0.969565217
0.295652174
0
0.526086957
0.17826087
0
0
0
0
0
0
0
0
0.843478261
0.969565217
0.952173913
0.730434783
0.969565217
0.960869565
0.956521739
0.965217391
0.965217391
0.969565217
0.965217391
0.969565217
0.817391304
0.665217391
0
0
0
0
0
0
0
0
0
0
0.869565217
0.930434783
0.791304348
0.960869565
0.969565217
0.943478261
0.947826087
0.965217391
0.965217391
0.969565217
0.969565217
0.891304348
0.656521739
0.530434783
0
0
0
0
0
0
0
0
0
0
0.817391304
0.839130435
0.847826087
0.904347826
0.969565217
0.965217391
0.891304348
0.943478261
0.926086957
0.752173913
0.095652174
0
0.434782609
0.252173913
0
0
0
0
0
0
0
0
0
0
0
0
0
0
0
0
0.126086957
0.595652174
0.7
0.360869565
0.539130435
0.665217391
0.426086957
0.004347826
0
0
0
0
0
0
0
0
0
0
0.795652174
0.969565217
0.969565217
0.965217391
0.960869565
0.965217391
0.9
0.939130435
0.969565217
0.965217391
0.986956522
0.956521739
0.843478261
0.004347826
0
0
0
0
0
0
0
0
0
0
0.804347826
0.852173913
0.965217391
0.956521739
0.708695652
0.665217391
0.626086957
0.72173913
0.87826087
0.765217391
0.882608696
0.743478261
0.72173913
0.156521739
0
0
0
0
0
0
0
0
0
0
0.37826087
0.695652174
0.717391304
0.67826087
0.743478261
0.708695652
0.565217391
0.513043478
0.565217391
0.586956522
0.747826087
0.786956522
0.556521739
0
0
0
0
0
0
0
0
0
0
0
0.443478261
0.760869565
0.72173913
0.713043478
0.634782609
0.691304348
0.52173913
0.6
0.708695652
0.682608696
0.843478261
0.72173913
0.717391304
0.3
0
0
0
0
0
0
0
0
0
0
0.452173913
0.717391304
0.717391304
0.643478261
0.630434783
0.626086957
0.526086957
0.569565217
0.57826087
0.691304348
0.752173913
0.72173913
0.386956522
0.72173913
0.117391304
0
0
0
0
0
0
0
0
0
0
0.386956522
0.708695652
0.660869565
0.630434783
0.643478261
0.560869565
0.52173913
0.582608696
0.756521739
0.239130435
0
0.652173913
0.073913043
0
0
0
0
0
0
0
0
0
0
0
0
0
0
0
0
0
0
0
0
0.117391304
0.017391304
0.008695652
0.682608696
0
0
0
0
0
0
0
0
0
0
0.660869565
0.847826087
0.739130435
0.804347826
0.708695652
0.717391304
0.652173913
0.7
0.7
0.72173913
0.817391304
0.77826087
0.004347826
0
0
0
0
0
0
0
0
0
0
0
0.652173913
0.717391304
0.717391304
0.782608696
0.695652174
0.673913043
0.57826087
0.67826087
0.669565217
0.817391304
0.891304348
0.843478261
0.717391304
0.343478261
0
0
0
0
0
0
0
0
0
0
0.630434783
0.730434783
0.830434783
0.708695652
0.691304348
0.486956522
0.504347826
0.652173913
0.734782609
0.604347826
0.730434783
0.739130435
0.717391304
0.139130435
0
0
0
0
0
0
0
0
0
0
0.147826087
0.847826087
0.72173913
0.652173913
0.6
0.630434783
0.534782609
0.565217391
0.57826087
0.669565217
0.726086957
0.747826087
0.62173913
0.695652174
0
0
0
0
0
0
0
0
0
0
0.095652174
0.72173913
0.72173913
0.665217391
0.626086957
0.526086957
0.673913043
0.717391304
0.804347826
0.782608696
0.72173913
0.782608696
0.765217391
0.72173913
0.043478261
0
0
0
0
0
0
0
0
0
0
0.5
0.713043478
0.747826087
0.643478261
0.626086957
0.739130435
0.682608696
0.669565217
0.717391304
0.473913043
0.113043478
0
0
0
0.308695652
0.204347826
0
0
0
0
0
0
0
0
0
0
0
0
0
0.291304348
0.104347826
0.343478261
0.726086957
0.552173913
0.060869565
0
0
0
0
0
0
0
0
0
0
0
0
0.652173913
0.717391304
0.752173913
0.834782609
0.57826087
0.495652174
0.52173913
0.704347826
0.604347826
0.686956522
0.717391304
0.8
0.647826087
0.67826087
0
0
0
0
0
0
0
0
0
0
0.652173913
0.717391304
0.782608696
0.704347826
0.639130435
0.62173913
0.713043478
0.756521739
0.765217391
0.708695652
0.717391304
0.747826087
0.717391304
0.4
0
0
0
0
0
0
0
0
0
0
0.652173913
0.713043478
0.717391304
0.704347826
0.57826087
0.573913043
0.630434783
0.665217391
0.830434783
0.665217391
0.756521739
0.869565217
0.626086957
0.473913043
0.486956522
0
0
0
0
0
0
0
0
0
0.643478261
0.813043478
0.695652174
0.595652174
0.486956522
0.552173913
0.552173913
0.57826087
0.591304348
0.630434783
0.72173913
0.830434783
0.339130435
0.72173913
0.252173913
0
0
0
0
0
0
0
0
0
0.739130435
0.752173913
0.826086957
0.573913043
0.491304348
0.634782609
0.608695652
0.573913043
0.517391304
0.630434783
0.72173913
0.756521739
0.617391304
0.52173913
0
0
0
0
0
0
0
0
0
0
0.708695652
0.773913043
0.730434783
0.72173913
0.786956522
0.72173913
0.682608696
0.704347826
0.72173913
0.617391304
0
0.134782609
0.439130435
0.673913043
0
0
0
0
0
0
0
0
0
0
0
0
0
0
0
0
0
0.360869565
0.652173913
0.717391304
0.717391304
0.634782609
0
0
0
0
0
0
0
0
0
0
0
0
0.739130435
0.843478261
0.717391304
0.852173913
0.782608696
0.72173913
0.673913043
0.626086957
0.569565217
0.591304348
0.717391304
0.752173913
0.708695652
0.717391304
0.37826087
0
0
0
0
0
0
0
0
0
0.691304348
0.773913043
0.72173913
0.717391304
0.704347826
0.665217391
0.67826087
0.7
0.717391304
0.717391304
0.756521739
0.886956522
0.32173913
0
0.12173913
0.7
0
0
0
0
0
0
0.669565217
0.717391304
0.57826087
0.717391304
0.717391304
0.72173913
0.669565217
0.617391304
0.617391304
0.647826087
0.730434783
0.769565217
0.717391304
0.882608696
0.47826087
0
0
0
0
0
0
0
0
0
0.652173913
0.717391304
0.752173913
0.817391304
0.717391304
0.717391304
0.713043478
0.717391304
0.582608696
0.517391304
0.530434783
0.582608696
0.72173913
0.743478261
0.560869565
0.717391304
0.717391304
0.526086957
0
0
0
0
0
0
0.730434783
0.717391304
0.517391304
0.704347826
0.72173913
0.713043478
0.639130435
0.630434783
0.743478261
0.656521739
0.660869565
0.669565217
0.717391304
0.756521739
0.652173913
0.017391304
0
0
0
0
0
0
0
0
0
0
0.665217391
0.782608696
0.626086957
0.530434783
0.526086957
0.5
0.647826087
0.686956522
0.6
0.717391304
0.12173913
0.126086957
0
0.408695652
0.352173913
0
0
0
0
0
0
0
0
0
0
0
0
0
0
0
0
0
0
0
0
0.117391304
0
0
0
0
0
0
0
0
0
0.695652174
0.717391304
0.739130435
0.839130435
0.717391304
0.717391304
0.686956522
0.695652174
0.673913043
0.682608696
0.804347826
0.808695652
0.717391304
0.717391304
0.404347826
0
0.243478261
0.443478261
0
0
0
0
0
0
0.743478261
0.791304348
0.7
0.72173913
0.72173913
0.717391304
0.747826087
0.760869565
0.626086957
0.708695652
0.639130435
0.67826087
0.87826087
0.747826087
0.460869565
0
0.465217391
0
0
0
0
0
0
0
0.791304348
0.791304348
0.708695652
0.856521739
0.786956522
0.72173913
0.760869565
0.704347826
0.582608696
0.647826087
0.708695652
0.652173913
0.62173913
0.717391304
0.708695652
0.27826087
0.286956522
0
0
0
0
0
0
0
0.782608696
0.839130435
0.743478261
0.826086957
0.717391304
0.713043478
0.686956522
0.526086957
0.495652174
0.686956522
0.7
0.682608696
0.695652174
0.717391304
0.513043478
0.295652174
0.717391304
0.573913043
0
0
0
0
0
0
0.786956522
0.886956522
0.734782609
0.782608696
0.717391304
0.682608696
0.695652174
0.608695652
0.486956522
0.639130435
0.617391304
0.673913043
0.67826087
0.717391304
0.682608696
0
0
0
0
0
0
0
0
0
0
0
0.660869565
0.860869565
0.717391304
0.717391304
0.695652174
0.717391304
0.695652174
0.7
0.686956522
0.717391304
0.717391304
0.473913043
0.126086957
0.27826087
0.430434783
0
0
0
0
0
0
0
0
0
0.504347826
0.052173913
0.22173913
0.404347826
0.595652174
0.430434783
0.443478261
0.695652174
0.491304348
0.865217391
0.756521739
0.795652174
0.886956522
0.404347826
0.439130435
0.57826087
0.02173913
0.526086957
0.091304348
0.326086957
0.282608696
0
0.808695652
0.860869565
0.826086957
0.839130435
0.717391304
0.786956522
0.717391304
0.495652174
0.486956522
0.552173913
0.573913043
0.626086957
0.582608696
0.717391304
0.32173913
0.086956522
0.360869565
0
0
0
0
0
0
0
0.795652174
0.891304348
0.843478261
0.717391304
0.717391304
0.813043478
0.57826087
0.652173913
0.595652174
0.573913043
0.756521739
0.747826087
0.717391304
0.752173913
0.456521739
0.347826087
0.27826087
0
0
0
0
0
0
0
0.786956522
0.72173913
0.717391304
0.795652174
0.77826087
0.8
0.665217391
0.486956522
0.486956522
0.513043478
0.547826087
0.647826087
0.660869565
0.717391304
0.330434783
0.347826087
0.230434783
0
0
0
0
0
0
0
0.77826087
0.8
0.72173913
0.830434783
0.652173913
0.704347826
0.526086957
0.486956522
0.486956522
0.556521739
0.608695652
0.660869565
0.72173913
0.717391304
0.608695652
0.434782609
0.273913043
0
0
0
0
0
0
0
0.730434783
0.72173913
0.695652174
0.760869565
0.72173913
0.717391304
0.62173913
0.652173913
0.686956522
0.669565217
0.708695652
0.760869565
0.756521739
0.682608696
0.37826087
0.4
0.286956522
0
0
0
0
0
0
0
0
0
0.726086957
0.873913043
0.886956522
0.82173913
0.656521739
0.57826087
0.604347826
0.486956522
0.495652174
0.634782609
0.208695652
0.417391304
0.695652174
0.760869565
0.22173913
0.165217391
0.404347826
0
0.386956522
0.217391304
0
0.47826087
0
0
0.569565217
0
0.543478261
0.256521739
0.456521739
0.608695652
0.72173913
0.72173913
0.769565217
0.852173913
0.808695652
0.782608696
0.808695652
0.643478261
0.208695652
0.552173913
0.247826087
0.356521739
0.404347826
0.260869565
0.07826087
0.513043478
0.786956522
0.886956522
0.847826087
0.826086957
0.72173913
0.743478261
0.608695652
0.626086957
0.52173913
0.552173913
0.530434783
0.639130435
0.756521739
0.717391304
0.786956522
0.7
0.026086957
0
0
0
0
0
0
0.482608696
0.865217391
0.839130435
0.708695652
0.773913043
0.713043478
0.704347826
0.691304348
0.634782609
0.586956522
0.556521739
0.526086957
0.613043478
0.782608696
0.765217391
0.360869565
0.126086957
0.473913043
0
0
0
0
0
0
0
0.795652174
0.817391304
0.743478261
0.769565217
0.665217391
0.691304348
0.569565217
0.526086957
0.591304348
0.543478261
0.543478261
0.686956522
0.604347826
0.717391304
0.273913043
0.443478261
0.169565217
0.013043478
0
0
0
0
0
0
0.795652174
0.886956522
0.826086957
0.813043478
0.626086957
0.569565217
0.57826087
0.62173913
0.586956522
0.513043478
0.57826087
0.613043478
0.704347826
0.717391304
0.265217391
0.57826087
0.052173913
0
0
0.613043478
0
0.569565217
0.082608696
0.52173913
0.160869565
0.32173913
0.886956522
0.869565217
0.717391304
0.704347826
0.704347826
0.530434783
0.582608696
0.491304348
0.647826087
0.652173913
0.760869565
0.860869565
0.330434783
0.365217391
0.343478261
0
0
0
0
0
0
0
0
0
0
0.830434783
0.869565217
0.665217391
0.617391304
0.582608696
0.486956522
0.486956522
0.6
0.752173913
0.286956522
0
0
0.539130435
0.373913043
0
0
0
0
0
0
0
0
0
0
0
0
0
0
0.295652174
0.469565217
0.782608696
0.491304348
0.656521739
0.752173913
0.82173913
0.530434783
0.508695652
0.295652174
0
0
0
0
0
0
0
0
0
0.817391304
0.865217391
0.804347826
0.730434783
0.604347826
0.486956522
0.669565217
0.513043478
0.543478261
0.526086957
0.617391304
0.808695652
0.32173913
0.504347826
0.165217391
0
0
0
0
0
0
0
0
0
0.734782609
0.852173913
0.717391304
0.708695652
0.604347826
0.486956522
0.486956522
0.565217391
0.486956522
0.534782609
0.834782609
0.717391304
0.291304348
0.486956522
0.243478261
0.017391304
0.069565217
0.37826087
0
0
0
0
0
0
0.77826087
0.843478261
0.795652174
0.717391304
0.560869565
0.595652174
0.62173913
0.669565217
0.626086957
0.647826087
0.591304348
0.795652174
0.330434783
0.447826087
0.260869565
0
0
0
0
0
0
0
0
0
0.743478261
0.882608696
0.786956522
0.860869565
0.647826087
0.556521739
0.513043478
0.608695652
0.852173913
0.704347826
0.886956522
0.886956522
0.391304348
0.426086957
0.365217391
0
0
0
0
0
0.62173913
0
0
0.008695652
0.873913043
0.886956522
0.886956522
0.882608696
0.886956522
0.886956522
0.852173913
0.8
0.660869565
0.656521739
0.752173913
0.886956522
0.691304348
0.365217391
0.265217391
0
0
0
0.630434783
0
0
0.586956522
0.039130435
0
0.108695652
0.886956522
0.886956522
0.87826087
0.886956522
0.886956522
0.886956522
0.739130435
0.839130435
0.886956522
0.382608696
0.291304348
0.886956522
0.6
0.691304348
0
0.67826087
0
0.556521739
0.12173913
0.12173913
0.547826087
0
0.282608696
0.382608696
0.069565217
0.7
0.543478261
0.647826087
0.817391304
0.839130435
0.773913043
0.865217391
0.886956522
0.886956522
0.886956522
0.352173913
0.769565217
0.3
0.665217391
0.413043478
0.339130435
0.547826087
0.191304348
0.682608696
0
0.686956522
0
0.87826087
0.886956522
0.886956522
0.882608696
0.886956522
0.860869565
0.8
0.743478261
0.808695652
0.8
0.886956522
0.886956522
0.7
0.12173913
0
0.291304348
0.382608696
0.365217391
0.291304348
0.317391304
0.391304348
0.291304348
0.42173913
0.273913043
0.886956522
0.886956522
0.886956522
0.891304348
0.886956522
0.882608696
0.860869565
0.786956522
0.765217391
0.817391304
0.886956522
0.886956522
0.534782609
0
0
0
0.213043478
0.452173913
0.065217391
0.57826087
0.043478261
0.665217391
0
0.686956522
0.786956522
0.882608696
0.886956522
0.891304348
0.891304348
0.808695652
0.782608696
0.708695652
0.756521739
0.847826087
0.886956522
0.886956522
0.573913043
0
0
0
0
0.313043478
0.32173913
0.086956522
0.539130435
0.043478261
0.647826087
0
0.804347826
0.965217391
0.886956522
0.886956522
0.856521739
0.739130435
0.665217391
0.656521739
0.747826087
0.695652174
0.717391304
0.717391304
0.717391304
0.62173913
0
0
0
0.069565217
0
0.069565217
0
0.082608696
0.030434783
0.082608696
0.113043478
0.856521739
0.782608696
0.717391304
0.695652174
0.591304348
0.526086957
0.595652174
0.569565217
0.765217391
0.72173913
0.717391304
0.717391304
0.47826087
0
0
0
0.004347826
0.104347826
0
0.069565217
0.052173913
0.026086957
0.073913043
0.008695652
0.882608696
0.886956522
0.87826087
0.852173913
0.82173913
0.782608696
0.82173913
0.830434783
0.886956522
0.730434783
0.786956522
0.804347826
0.752173913
0.830434783
0.826086957
0.760869565
0.826086957
0.817391304
0.747826087
0.791304348
0.782608696
0.760869565
0.795652174
0.769565217
0.795652174
0.843478261
0.830434783
0.826086957
0.826086957
0.882608696
0.826086957
0.839130435
0.865217391
0.82173913
0.795652174
0.82173913
0.808695652
0.739130435
0.843478261
0.769565217
0.747826087
0.808695652
0.8
0.808695652
0.760869565
0.817391304
0.8
0.847826087
0.865217391
0.791304348
0.72173913
0.708695652
0.739130435
0.613043478
0.573913043
0.591304348
0.713043478
0.726086957
0.82173913
0.717391304
0.186956522
0
0
0.091304348
0.017391304
0.095652174
0
0.126086957
0.02173913
0.07826087
0.069565217
0.165217391
0.87826087
0.760869565
0.839130435
0.782608696
0.756521739
0.67826087
0.552173913
0.547826087
0.660869565
0.682608696
0.656521739
0.717391304
0.004347826
0
0
0
0
0
0
0
0.073913043
0
0
0.02173913
0.886956522
0.843478261
0.717391304
0.773913043
0.769565217
0.6
0.717391304
0.717391304
0.717391304
0.756521739
0.717391304
0.717391304
0.004347826
0
0.034782609
0.056521739
0.065217391
0.004347826
0.07826087
0.004347826
0.113043478
0.065217391
0.004347826
0.147826087
0.87826087
0.752173913
0.660869565
0.7
0.656521739
0.586956522
0.695652174
0.539130435
0.547826087
0.72173913
0.726086957
0.717391304
0.12173913
0.104347826
0
0
0.07826087
0.034782609
0.108695652
0
0
0
0.095652174
0.134782609
0.891304348
0.926086957
0.852173913
0.860869565
0.839130435
0.669565217
0.691304348
0.747826087
0.782608696
0.886956522
0.865217391
0.747826087
0.647826087
0.07826087
0.091304348
0
0.12173913
0.056521739
0.065217391
0.095652174
0
0.091304348
0.008695652
0.1
0.834782609
0.882608696
0.873913043
0.886956522
0.886956522
0.830434783
0.708695652
0.791304348
0.77826087
0.017391304
0.069565217
0.139130435
0.339130435
0.1
0.030434783
0.113043478
0.034782609
0.069565217
0.126086957
0.008695652
0.082608696
0.104347826
0.02173913
0.117391304
0.113043478
0.113043478
0.104347826
0.143478261
0.134782609
0.126086957
0.152173913
0.143478261
0.139130435
0.169565217
0.152173913
0.126086957
0.126086957
0.134782609
0.073913043
0.052173913
0.104347826
0.091304348
0.060869565
0.1
0.134782609
0.060869565
0.052173913
0.139130435
0.852173913
0.817391304
0.660869565
0.569565217
0.630434783
0.752173913
0.486956522
0.591304348
0.717391304
0.673913043
0.647826087
0.717391304
0.313043478
0.408695652
0
0
0
0
0
0
0
0
0
0.004347826
0.87826087
0.817391304
0.691304348
0.782608696
0.82173913
0.504347826
0.791304348
0.713043478
0.695652174
0.717391304
0.717391304
0.717391304
0.004347826
0.6
0.12173913
0
0
0
0
0
0
0
0
0.008695652
0.834782609
0.808695652
0.586956522
0.486956522
0.7
0.730434783
0.573913043
0.530434783
0.717391304
0.639130435
0.708695652
0.717391304
0.004347826
0.660869565
0.056521739
0
0.07826087
0
0.07826087
0
0.07826087
0
0.117391304
0.169565217
0.873913043
0.734782609
0.673913043
0.739130435
0.713043478
0.582608696
0.595652174
0.630434783
0.652173913
0.717391304
0.747826087
0.760869565
0.295652174
0.430434783
0
0
0
0.047826087
0.047826087
0
0.117391304
0
0.047826087
0.17826087
0.860869565
0.865217391
0.795652174
0.856521739
0.673913043
0.62173913
0.639130435
0.643478261
0.734782609
0.786956522
0.743478261
0.717391304
0
0.208695652
0.591304348
0.026086957
0.117391304
0.008695652
0.113043478
0.030434783
0.117391304
0.117391304
0.02173913
0.113043478
0.808695652
0.886956522
0.886956522
0.882608696
0.852173913
0.673913043
0.813043478
0.743478261
0.882608696
0.082608696
0.12173913
0.469565217
0.482608696
0.060869565
0.134782609
0.043478261
0.060869565
0.126086957
0.082608696
0.039130435
0.117391304
0.07826087
0.043478261
0.108695652
0.134782609
0.108695652
0.113043478
0.152173913
0.169565217
0.143478261
0.12173913
0
0
0
0
0
0
0
0
0.026086957
0.169565217
0.143478261
0.143478261
0.104347826
0.1
0.091304348
0.1
0.2
0.891304348
0.886956522
0.886956522
0.865217391
0.808695652
0.6
0.660869565
0.67826087
0.669565217
0.704347826
0.717391304
0.795652174
0.526086957
0.2
0.07826087
0.052173913
0.143478261
0.086956522
0.047826087
0.108695652
0.139130435
0.086956522
0.073913043
0.173913043
0.813043478
0.830434783
0.617391304
0.739130435
0.77826087
0.782608696
0.67826087
0.704347826
0.795652174
0.847826087
0.77826087
0.813043478
0.343478261
0.443478261
0.013043478
0.104347826
0.043478261
0.065217391
0.12173913
0.008695652
0.12173913
0.013043478
0.095652174
0.126086957
0.886956522
0.873913043
0.847826087
0.847826087
0.717391304
0.817391304
0.717391304
0.717391304
0.695652174
0.791304348
0.704347826
0.717391304
0.647826087
0.082608696
0
0
0
0
0
0.095652174
0
0.052173913
0.060869565
0.182608696
0.886956522
0.743478261
0.8
0.682608696
0.691304348
0.634782609
0.67826087
0.595652174
0.7
0.726086957
0.704347826
0.717391304
0
0.647826087
0.717391304
0.073913043
0
0
0
0
0
0
0
0.234782609
0.891304348
0.865217391
0.773913043
0.673913043
0.486956522
0.565217391
0.486956522
0.486956522
0.539130435
0.573913043
0.717391304
0.708695652
0.008695652
0.486956522
0.304347826
0.143478261
0.004347826
0.1
0
0.004347826
0.117391304
0
0
0.095652174
0.817391304
0.886956522
0.882608696
0.769565217
0.656521739
0.656521739
0.656521739
0.656521739
0.886956522
0.056521739
0
0
0.126086957
0.443478261
0.108695652
0.004347826
0.082608696
0.030434783
0.039130435
0.082608696
0
0.113043478
0
0.069565217
0.052173913
0.126086957
0.091304348
0.134782609
0.130434783
0.134782609
0.165217391
0.130434783
0.152173913
0.165217391
0.169565217
0.147826087
0.108695652
0.082608696
0
0.104347826
0.091304348
0.060869565
0.1
0.134782609
0.060869565
0.052173913
0.139130435
0.852173913
0.817391304
0.660869565
0.569565217
0.630434783
0.752173913
0.486956522
0.591304348
0.717391304
0.673913043
0.647826087
0.717391304
0.313043478
0.408695652
0
0
0
0
0
0
0
0
0
0.004347826
0.87826087
0.817391304
0.691304348
0.782608696
0.82173913
0.504347826
0.791304348
0.713043478
0.695652174
0.717391304
0.717391304
0.717391304
0.004347826
0.6
0.12173913
0
0
0
0
0
0
0
0
0.008695652
0.834782609
0.808695652
0.586956522
0.486956522
0.7
0.730434783
0.573913043
0.530434783
0.717391304
0.639130435
0.708695652
0.717391304
0.004347826
0.660869565
0.056521739
0
0.07826087
0
0.07826087
0
0.07826087
0
0.117391304
0.169565217
0.873913043
0.734782609
0.673913043
0.739130435
0.713043478
0.582608696
0.595652174
0.630434783
0.652173913
0.717391304
0.747826087
0.760869565
0.295652174
0.430434783
0
0
0
0.047826087
0.047826087
0
0.117391304
0
0.047826087
0.17826087
0.860869565
0.865217391
0.795652174
0.856521739
0.673913043
0.62173913
0.639130435
0.643478261
0.734782609
0.786956522
0.743478261
0.717391304
0
0.208695652
0.591304348
0.026086957
0.117391304
0.008695652
0.113043478
0.030434783
0.117391304
0.117391304
0.02173913
0.113043478
0.808695652
0.886956522
0.886956522
0.882608696
0.852173913
0.673913043
0.813043478
0.743478261
0.882608696
0.082608696
0.12173913
0.469565217
0.482608696
0.060869565
0.134782609
0.043478261
0.060869565
0.126086957
0.082608696
0.039130435
0.117391304
0.07826087
0.043478261
0.108695652
0.134782609
0.108695652
0.113043478
0.152173913
0.169565217
0.143478261
0.12173913
0
0
0
0
0
0
0
0
0.026086957
0.169565217
0.143478261
0.143478261
0.104347826
0.1
0.091304348
0.1
0.2
0.891304348
0.886956522
0.886956522
0.865217391
0.808695652
0.6
0.660869565
0.67826087
0.669565217
0.704347826
0.717391304
0.795652174
0.526086957
0.2
0.07826087
0.052173913
0.143478261
0.086956522
0.047826087
0.108695652
0.139130435
0.086956522
0.073913043
0.173913043
0.813043478
0.830434783
0.617391304
0.739130435
0.77826087
0.782608696
0.67826087
0.704347826
0.795652174
0.847826087
0.77826087
0.813043478
0.343478261
0.443478261
0.013043478
0.104347826
0.043478261
0.065217391
0.12173913
0.008695652
0.12173913
0.013043478
0.095652174
0.126086957
0.886956522
0.873913043
0.847826087
0.847826087
0.717391304
0.817391304
0.717391304
0.717391304
0.695652174
0.791304348
0.704347826
0.717391304
0.647826087
0.082608696
0
0
0
0
0
0.095652174
0
0.052173913
0.060869565
0.182608696
0.886956522
0.743478261
0.8
0.682608696
0.691304348
0.634782609
0.67826087
0.595652174
0.7
0.726086957
0.704347826
0.717391304
0
0.647826087
0.717391304
0.073913043
0
0
0
0
0
0
0
0.234782609
0.891304348
0.865217391
0.773913043
0.673913043
0.486956522
0.565217391
0.486956522
0.486956522
0.539130435
0.573913043
0.717391304
0.708695652
0.008695652
0.486956522
0.304347826
0.143478261
0.004347826
0.1
0
0.004347826
0.117391304
0
0
0.095652174
0.817391304
0.886956522
0.882608696
0.769565217
0.656521739
0.656521739
0.656521739
0.656521739
0.886956522
0.056521739
0
0
0.126086957
0.443478261
0.108695652
0.004347826
0.082608696
0.030434783
0.039130435
0.082608696
0
0.113043478
0
0.069565217
0.052173913
0.126086957
0.091304348
0.134782609
0.130434783
0.134782609
0.165217391
0.130434783
0.152173913
0.165217391
0.169565217
0.147826087
0.108695652
0.082608696
0
0.104347826
0.091304348
0.060869565
0.1
0.134782609
0.060869565
0.052173913
0.139130435
0.852173913
0.817391304
0.660869565
0.569565217
0.630434783
0.752173913
0.486956522
0.591304348
0.717391304
0.673913043
0.647826087
0.717391304
0.313043478
0.408695652
0
0
0
0
0
0
0
0
0
0.004347826
0.87826087
0.817391304
0.691304348
0.782608696
0.82173913
0.504347826
0.791304348
0.713043478
0.695652174
0.717391304
0.717391304
0.717391304
0.004347826
0.6
0.12173913
0
0
0
0
0
0
0
0
0.008695652
0.834782609
0.808695652
0.586956522
0.486956522
0.7
0.730434783
0.573913043
0.530434783
0.717391304
0.639130435
0.708695652
0.717391304
0.004347826
0.660869565
0.056521739
0
0.07826087
0
0.07826087
0
0.07826087
0
0.117391304
0.169565217
0.873913043
0.734782609
0.673913043
0.739130435
0.713043478
0.582608696
0.595652174
0.630434783
0.652173913
0.717391304
0.747826087
0.760869565
0.295652174
0.430434783
0
0
0
0.047826087
0.047826087
0
0.117391304
0
0.047826087
0.17826087
0.860869565
0.865217391
0.795652174
0.856521739
0.673913043
0.62173913
0.639130435
0.643478261
0.734782609
0.786956522
0.743478261
0.717391304
0
0.208695652
0.591304348
0.026086957
0.117391304
0.008695652
0.113043478
0.030434783
0.117391304
0.117391304
0.02173913
0.113043478
0.808695652
0.886956522
0.886956522
0.882608696
0.852173913
0.673913043
0.813043478
0.743478261
0.882608696
0.082608696
0.12173913
0.469565217
0.482608696
0.060869565
0.134782609
0.043478261
0.060869565
0.126086957
0.082608696
0.039130435
0.117391304
0.07826087
0.043478261
0.108695652
0.134782609
0.108695652
0.113043478
0.152173913
0.169565217
0.143478261
0.12173913
0
0
0
0
0
0
0
0
0.026086957
0.169565217
0.143478261
0.143478261
0.104347826
0.1
0.091304348
0.1
0.2
0.891304348
0.886956522
0.886956522
0.865217391
0.808695652
0.6
0.660869565
0.67826087
0.669565217
0.704347826
0.717391304
0.795652174
0.526086957
0.2
0.07826087
0.052173913
0.143478261
0.086956522
0.047826087
0.108695652
0.139130435
0.086956522
0.073913043
0.173913043
0.813043478
0.830434783
0.617391304
0.739130435
0.77826087
0.782608696
0.67826087
0.704347826
0.795652174
0.847826087
0.77826087
0.813043478
0.343478261
0.443478261
0.013043478
0.104347826
0.043478261
0.065217391
0.12173913
0.008695652
0.12173913
0.013043478
0.095652174
0.126086957
0.886956522
0.873913043
0.847826087
0.847826087
0.717391304
0.817391304
0.717391304
0.717391304
0.695652174
0.791304348
0.704347826
0.717391304
0.647826087
0.082608696
0
0
0
0
0
0.095652174
0
0.052173913
0.060869565
0.182608696
0.886956522
0.743478261
0.8
0.682608696
0.691304348
0.634782609
0.67826087
0.595652174
0.7
0.726086957
0.704347826
0.717391304
0
0.647826087
0.717391304
0.073913043
0
0
0
0
0
0
0
0.234782609
0.891304348
0.865217391
0.773913043
0.673913043
0.486956522
0.565217391
0.486956522
0.486956522
0.539130435
0.573913043
0.717391304
0.708695652
0.008695652
0.486956522
0.304347826
0.143478261
0.004347826
0.1
0
0.004347826
0.117391304
0
0
0.095652174
0.817391304
0.886956522
0.882608696
0.769565217
0.656521739
0.656521739
0.656521739
0.656521739
0.886956522
0.056521739
0
0
0.126086957
0.443478261
0.108695652
0.004347826
0.082608696
0.030434783
0.039130435
0.082608696
0
0.113043478
0
0.069565217
0.052173913
0.126086957
0.091304348
0.134782609
0.130434783
0.134782609
0.165217391
0.130434783
0.152173913
0.165217391
0.169565217
0.147826087
0.108695652
0.082608696
0
0.104347826
0.091304348
0.060869565
0.1
0.134782609
0.060869565
0.052173913
0.139130435
0.852173913
0.817391304
0.660869565
0.569565217
0.630434783
0.752173913
0.486956522
0.591304348
0.717391304
0.673913043
0.647826087
0.717391304
0.313043478
0.408695652
0
0
0
0
0
0
0
0
0
0.004347826
0.87826087
0.817391304
0.691304348
0.782608696
0.82173913
0.504347826
0.791304348
0.713043478
0.695652174
0.717391304
0.717391304
0.717391304
0.004347826
0.6
0.12173913
0
0
0
0
0
0
0
0
0.008695652
0.834782609
0.808695652
0.586956522
0.486956522
0.7
0.730434783
0.573913043
0.530434783
0.717391304
0.639130435
0.708695652
0.717391304
0.004347826
0.660869565
0.056521739
0
0.07826087
0
0.07826087
0
0.07826087
0
0.117391304
0.169565217
0.873913043
0.734782609
0.673913043
0.739130435
0.713043478
0.582608696
0.595652174
0.630434783
0.652173913
0.717391304
0.747826087
0.760869565
0.295652174
0.430434783
0
0
0
0.047826087
0.047826087
0
0.117391304
0
0.047826087
0.17826087
0.860869565
0.865217391
0.795652174
0.856521739
0.673913043
0.62173913
0.639130435
0.643478261
0.734782609
0.786956522
0.743478261
0.717391304
0
0.208695652
0.591304348
0.026086957
0.117391304
0.008695652
0.113043478
0.030434783
0.117391304
0.117391304
0.02173913
0.113043478
0.808695652
0.886956522
0.886956522
0.882608696
0.852173913
0.673913043
0.813043478
0.743478261
0.882608696
0.082608696
0.12173913
0.469565217
0.482608696
0.060869565
0.134782609
0.043478261
0.060869565
0.126086957
0.082608696
0.039130435
0.117391304
0.07826087
0.043478261
0.108695652
0.134782609
0.108695652
0.113043478
0.152173913
0.169565217
0.143478261
0.12173913
0
0
0
0
0
0
0
0
0.026086957
0.169565217
0.143478261
0.143478261
0.104347826
0.1
0.091304348
0.1
0.2
0.891304348
0.886956522
0.886956522
0.865217391
0.808695652
0.6
0.660869565
0.67826087
0.669565217
0.704347826
0.717391304
0.795652174
0.526086957
0.2
0.07826087
0.052173913
0.143478261
0.086956522
0.047826087
0.108695652
0.139130435
0.086956522
0.073913043
0.173913043
0.813043478
0.830434783
0.617391304
0.739130435
0.77826087
0.782608696
0.67826087
0.704347826
0.795652174
0.847826087
0.77826087
0.813043478
0.343478261
0.443478261
0.013043478
0.104347826
0.043478261
0.065217391
0.12173913
0.008695652
0.12173913
0.013043478
0.095652174
0.126086957
0.886956522
0.873913043
0.847826087
0.847826087
0.717391304
0.817391304
0.717391304
0.717391304
0.695652174
0.791304348
0.704347826
0.717391304
0.647826087
0.082608696
0
0
0
0
0
0.095652174
0
0.052173913
0.060869565
0.182608696
0.886956522
0.743478261
0.8
0.682608696
0.691304348
0.634782609
0.67826087
0.595652174
0.7
0.726086957
0.704347826
0.717391304
0
0.647826087
0.717391304
0.073913043
0
0
0
0
0
0
0
0.234782609
0.891304348
0.865217391
0.773913043
0.673913043
0.486956522
0.565217391
0.486956522
0.486956522
0.539130435
0.573913043
0.717391304
0.708695652
0.008695652
0.486956522
0.304347826
0.143478261
0.004347826
0.1
0
0.004347826
0.117391304
0
0
0.095652174
0.817391304
0.886956522
0.882608696
0.769565217
0.656521739
0.656521739
0.656521739
0.656521739
0.886956522
0.056521739
0
0
0.126086957
0.443478261
0.108695652
0.004347826
0.082608696
0.030434783
0.039130435
0.082608696
0
0.113043478
0
0.069565217
0.052173913
0.126086957
0.091304348
0.134782609
0.130434783
0.134782609
0.165217391
0.130434783
0.152173913
0.165217391
0.169565217
0.147826087
0.108695652
0.082608696
0
0.104347826
0.091304348
0.060869565
0.1
0.134782609
0.060869565
0.052173913
0.139130435
0.852173913
0.817391304
0.660869565
0.569565217
0.630434783
0.752173913
0.486956522
0.591304348
0.717391304
0.673913043
0.647826087
0.717391304
0.313043478
0.408695652
0
0
0
0
0
0
0
0
0
0.004347826
0.87826087
0.817391304
0.691304348
0.782608696
0.82173913
0.504347826
0.791304348
0.713043478
0.695652174
0.717391304
0.717391304
0.717391304
0.004347826
0.6
0.12173913
0
0
0
0
0
0
0
0
0.008695652
0.834782609
0.808695652
0.586956522
0.486956522
0.7
0.730434783
0.573913043
0.530434783
0.717391304
0.639130435
0.708695652
0.717391304
0.004347826
0.660869565
0.056521739
0
0.07826087
0
0.07826087
0
0.07826087
0
0.117391304
0.169565217
0.873913043
0.734782609
0.673913043
0.739130435
0.713043478
0.582608696
0.595652174
0.630434783
0.652173913
0.717391304
0.747826087
0.760869565
0.295652174
0.430434783
0
0
0
0.047826087
0.047826087
0
0.117391304
0
0.047826087
0.17826087
0.860869565
0.865217391
0.795652174
0.856521739
0.673913043
0.62173913
0.639130435
0.643478261
0.734782609
0.786956522
0.743478261
0.717391304
0
0.208695652
0.591304348
0.026086957
0.117391304
0.008695652
0.113043478
0.030434783
0.117391304
0.117391304
0.02173913
0.113043478
0.808695652
0.886956522
0.886956522
0.882608696
0.852173913
0.673913043
0.813043478
0.743478261
0.882608696
0.082608696
0.12173913
0.469565217
0.482608696
0.060869565
0.134782609
0.043478261
0.060869565
0.126086957
0.082608696
0.039130435
0.117391304
0.07826087
0.043478261
0.108695652
0.134782609
0.108695652
0.113043478
0.152173913
0.169565217
0.143478261
0.12173913
0
0
0
0
0
0
0
0
0.026086957
0.169565217
0.143478261
0.143478261
0.104347826
0.1
0.091304348
0.1
0.2
0.891304348
0.886956522
0.886956522
0.865217391
0.808695652
0.6
0.660869565
0.67826087
0.669565217
0.704347826
0.717391304
0.795652174
0.526086957
0.2
0.07826087
0.052173913
0.143478261
0.086956522
0.047826087
0.108695652
0.139130435
0.086956522
0.073913043
0.173913043
0.813043478
0.830434783
0.617391304
0.739130435
0.77826087
0.782608696
0.67826087
0.704347826
0.795652174
0.847826087
0.77826087
0.813043478
0.343478261
0.443478261
0.013043478
0.104347826
0.043478261
0.065217391
0.12173913
0.008695652
0.12173913
0.013043478
0.095652174
0.126086957
0.886956522
0.873913043
0.847826087
0.847826087
0.717391304
0.817391304
0.717391304
0.717391304
0.695652174
0.791304348
0.704347826
0.717391304
0.647826087
0.082608696
0
0
0
0
0
0.095652174
0
0.052173913
0.060869565
0.182608696
0.886956522
0.743478261
0.8
0.682608696
0.691304348
0.634782609
0.67826087
0.595652174
0.7
0.726086957
0.704347826
0.717391304
0
0.647826087
0.717391304
0.073913043
0
0
0
0
0
0
0
0.234782609
0.891304348
0.865217391
0.773913043
0.673913043
0.486956522
0.565217391
0.486956522
0.486956522
0.539130435
0.573913043
0.717391304
0.708695652
0.008695652
0.486956522
0.304347826
0.143478261
0.004347826
0.1
0
0.004347826
0.117391304
0
0
0.095652174
0.817391304
0.886956522
0.882608696
0.769565217
0.656521739
0.656521739
0.656521739
0.656521739
0.886956522
0.056521739
0
0
0.126086957
0.443478261
0.108695652
0.004347826
0.082608696
0.030434783
0.039130435
0.082608696
0
0.113043478
0
0.069565217
0.052173913
0.126086957
0.091304348
0.134782609
0.130434783
0.134782609
0.165217391
0.130434783
0.152173913
0.165217391
0.169565217
0.147826087
0.108695652
0.082608696
0
0.104347826
0.091304348
0.060869565
0.1
0.134782609
0.060869565
0.052173913
0.139130435
0.852173913
0.817391304
0.660869565
0.569565217
0.630434783
0.752173913
0.486956522
0.591304348
0.717391304
0.673913043
0.647826087
0.717391304
0.313043478
0.408695652
0
0
0
0
0
0
0
0
0
0.004347826
0.87826087
0.817391304
0.691304348
0.782608696
0.82173913
0.504347826
0.791304348
0.713043478
0.695652174
0.717391304
0.717391304
0.717391304
0.004347826
0.6
0.12173913
0
0
0
0
0
0
0
0
0.008695652
0.834782609
0.808695652
0.586956522
0.486956522
0.7
0.730434783
0.573913043
0.530434783
0.717391304
0.639130435
0.708695652
0.717391304
0.004347826
0.660869565
0.056521739
0
0.07826087
0
0.07826087
0
0.07826087
0
0.117391304
0.169565217
0.873913043
0.734782609
0.673913043
0.739130435
0.713043478
0.582608696
0.595652174
0.630434783
0.652173913
0.717391304
0.747826087
0.760869565
0.295652174
0.430434783
0
0
0
0.047826087
0.047826087
0
0.117391304
0
0.047826087
0.17826087
0.860869565
0.865217391
0.795652174
0.856521739
0.673913043
0.62173913
0.639130435
0.643478261
0.734782609
0.786956522
0.743478261
0.717391304
0
0.208695652
0.591304348
0.026086957
0.117391304
0.008695652
0.113043478
0.030434783
0.117391304
0.117391304
0.02173913
0.113043478
0.808695652
0.886956522
0.886956522
0.882608696
0.852173913
0.673913043
0.813043478
0.743478261
0.882608696
0.082608696
0.12173913
0.469565217
0.482608696
0.060869565
0.134782609
0.043478261
0.060869565
0.126086957
0.082608696
0.039130435
0.117391304
0.07826087
0.043478261
0.108695652
0.134782609
0.108695652
0.113043478
0.152173913
0.169565217
0.143478261
0.12173913
0
0
0
0
0
0
0
0
0.026086957
0.169565217
0.143478261
0.143478261
0.104347826
0.1
0.091304348
0.1
0.2
0.891304348
0.886956522
0.886956522
0.865217391
0.808695652
0.6
0.660869565
0.67826087
0.669565217
0.704347826
0.717391304
0.795652174
0.526086957
0.2
0.07826087
0.052173913
0.143478261
0.086956522
0.047826087
0.108695652
0.139130435
0.086956522
0.073913043
0.173913043
0.813043478
0.830434783
0.617391304
0.739130435
0.77826087
0.782608696
0.67826087
0.704347826
0.795652174
0.847826087
0.77826087
0.813043478
0.343478261
0.443478261
0.013043478
0.104347826
0.043478261
0.065217391
0.12173913
0.008695652
0.12173913
0.013043478
0.095652174
0.126086957
0.886956522
0.873913043
0.847826087
0.847826087
0.717391304
0.817391304
0.717391304
0.717391304
0.695652174
0.791304348
0.704347826
0.717391304
0.647826087
0.082608696
0
0
0
0
0
0.095652174
0
0.052173913
0.060869565
0.182608696
0.886956522
0.743478261
0.8
0.682608696
0.691304348
0.634782609
0.67826087
0.595652174
0.7
0.726086957
0.704347826
0.717391304
0
0.647826087
0.717391304
0.073913043
0
0
0
0
0
0
0
0.234782609
0.891304348
0.865217391
0.773913043
0.673913043
0.486956522
0.565217391
0.486956522
0.486956522
0.539130435
0.573913043
0.717391304
0.708695652
0.008695652
0.486956522
0.304347826
0.143478261
0.004347826
0.1
0
0.004347826
0.117391304
0
0
0.095652174
0.817391304
0.886956522
0.882608696
0.769565217
0.656521739
0.656521739
0.656521739
0.656521739
0.886956522
0.056521739
0
0
0.126086957
0.443478261
0.108695652
0.004347826
0.082608696
0.030434783
0.039130435
0.082608696
0
0.113043478
0
0.069565217
0.052173913
0.126086957
0.091304348
0.134782609
0.130434783
0.134782609
0.165217391
0.130434783
0.152173913
0.165217391
0.169565217
0.147826087
0.108695652
0.082608696
0
0.104347826
0.091304348
0.060869565
0.1
0.134782609
0.060869565
0.052173913
0.139130435
0.852173913
0.817391304
0.660869565
0.569565217
0.630434783
0.752173913
0.486956522
0.591304348
0.717391304
0.673913043
0.647826087
0.717391304
0.313043478
0.408695652
0
0
0
0
0
0
0
0
0
0.004347826
0.87826087
0.817391304
0.691304348
0.782608696
0.82173913
0.504347826
0.791304348
0.713043478
0.695652174
0.717391304
0.717391304
0.717391304
0.004347826
0.6
0.12173913
0
0
0
0
0
0
0
0
0.008695652
0.834782609
0.808695652
0.586956522
0.486956522
0.7
0.730434783
0.573913043
0.530434783
0.717391304
0.639130435
0.708695652
0.717391304
0.004347826
0.660869565
0.056521739
0
0.07826087
0
0.07826087
0
0.07826087
0
0.117391304
0.169565217
0.873913043
0.734782609
0.673913043
0.739130435
0.713043478
0.582608696
0.595652174
0.630434783
0.652173913
0.717391304
0.747826087
0.760869565
0.295652174
0.430434783
0
0
0
0.047826087
0.047826087
0
0.117391304
0
0.047826087
0.17826087
0.860869565
0.865217391
0.795652174
0.856521739
0.673913043
0.62173913
0.639130435
0.643478261
0.734782609
0.786956522
0.743478261
0.717391304
0
0.208695652
0.591304348
0.026086957
0.117391304
0.008695652
0.113043478
0.030434783
0.117391304
0.117391304
0.02173913
0.113043478
0.808695652
0.886956522
0.886956522
0.882608696
0.852173913
0.673913043
0.813043478
0.743478261
0.882608696
0.082608696
0.12173913
0.469565217
0.482608696
0.060869565
0.134782609
0.043478261
0.060869565
0.126086957
0.082608696
0.039130435
0.117391304
0.07826087
0.043478261
0.108695652
0.134782609
0.108695652
0.113043478
0.152173913
0.169565217
0.143478261
0.12173913
0
0
0
0
0
0
0
0
0.026086957
0.169565217
0.143478261
0.143478261
0.104347826
0.1
0.091304348
0.1
0.2
0.891304348
0.886956522
0.886956522
0.865217391
0.808695652
0.6
0.660869565
0.67826087
0.669565217
0.704347826
0.717391304
0.795652174
0.526086957
0.2
0.07826087
0.052173913
0.143478261
0.086956522
0.047826087
0.108695652
0.139130435
0.086956522
0.073913043
0.173913043
0.813043478
0.830434783
0.617391304
0.739130435
0.77826087
0.782608696
0.67826087
0.704347826
0.795652174
0.847826087
0.77826087
0.813043478
0.343478261
0.443478261
0.013043478
0.104347826
0.043478261
0.065217391
0.12173913
0.008695652
0.12173913
0.013043478
0.095652174
0.126086957
0.886956522
0.873913043
0.847826087
0.847826087
0.717391304
0.817391304
0.717391304
0.717391304
0.695652174
0.791304348
0.704347826
0.717391304
0.647826087
0.082608696
0
0
0
0
0
0.095652174
0
0.052173913
0.060869565
0.182608696
0.886956522
0.743478261
0.8
0.682608696
0.691304348
0.634782609
0.67826087
0.595652174
0.7
0.726086957
0.704347826
0.717391304
0
0.647826087
0.717391304
0.073913043
0
0
0
0
0
0
0
0.234782609
0.891304348
0.865217391
0.773913043
0.673913043
0.486956522
0.565217391
0.486956522
0.486956522
0.539130435
0.573913043
0.717391304
0.708695652
0.008695652
0.486956522
0.304347826
0.143478261
0.004347826
0.1
0
0.004347826
0.117391304
0
0
0.095652174
0.817391304
0.886956522
0.882608696
0.769565217
0.656521739
0.656521739
0.656521739
0.656521739
0.886956522
0.056521739
0
0
0.126086957
0.443478261
0.108695652
0.004347826
0.082608696
0.030434783
0.039130435
0.082608696
0
0.113043478
0
0.069565217
0.052173913
0.126086957
0.091304348
0.134782609
0.130434783
0.134782609
0.165217391
0.130434783
0.152173913
0.165217391
0.169565217
0.147826087
0.108695652
0.082608696
0
0.104347826
0.091304348
0.060869565
0.1
0.134782609
0.060869565
0.052173913
0.139130435
0.852173913
0.817391304
0.660869565
0.569565217
0.630434783
0.752173913
0.486956522
0.591304348
0.717391304
0.673913043
0.647826087
0.717391304
0.313043478
0.408695652
0
0
0
0
0
0
0
0
0
0.004347826
0.87826087
0.817391304
0.691304348
0.782608696
0.82173913
0.504347826
0.791304348
0.713043478
0.695652174
0.717391304
0.717391304
0.717391304
0.004347826
0.6
0.12173913
0
0
0
0
0
0
0
0
0.008695652
0.834782609
0.808695652
0.586956522
0.486956522
0.7
0.730434783
0.573913043
0.530434783
0.717391304
0.639130435
0.708695652
0.717391304
0.004347826
0.660869565
0.056521739
0
0.07826087
0
0.07826087
0
0.07826087
0
0.117391304
0.169565217
0.873913043
0.734782609
0.673913043
0.739130435
0.713043478
0.582608696
0.595652174
0.630434783
0.652173913
0.717391304
0.747826087
0.760869565
0.295652174
0.430434783
0
0
0
0.047826087
0.047826087
0
0.117391304
0
0.047826087
0.17826087
0.860869565
0.865217391
0.795652174
0.856521739
0.673913043
0.62173913
0.639130435
0.643478261
0.734782609
0.786956522
0.743478261
0.717391304
0
0.208695652
0.591304348
0.026086957
0.117391304
0.008695652
0.113043478
0.030434783
0.117391304
0.117391304
0.02173913
0.113043478
0.808695652
0.886956522
0.886956522
0.882608696
0.852173913
0.673913043
0.813043478
0.743478261
0.882608696
0.082608696
0.12173913
0.469565217
0.482608696
0.060869565
0.134782609
0.043478261
0.060869565
0.126086957
0.082608696
0.039130435
0.117391304
0.07826087
0.043478261
0.108695652
0.134782609
0.108695652
0.113043478
0.152173913
0.169565217
0.143478261
0.12173913
0
0
0
0
0
0
0
0
0.026086957
0.169565217
0.143478261
0.143478261
0.104347826
0.1
0.091304348
0.1
0.2
0.891304348
0.886956522
0.886956522
0.865217391
0.808695652
0.6
0.660869565
0.67826087
0.669565217
0.704347826
0.717391304
0.795652174
0.526086957
0.2
0.07826087
0.052173913
0.143478261
0.086956522
0.047826087
0.108695652
0.139130435
0.086956522
0.073913043
0.173913043
0.813043478
0.830434783
0.617391304
0.739130435
0.77826087
0.782608696
0.67826087
0.704347826
0.795652174
0.847826087
0.77826087
0.813043478
0.343478261
0.443478261
0.013043478
0.104347826
0.043478261
0.065217391
0.12173913
0.008695652
0.12173913
0.013043478
0.095652174
0.126086957
0.886956522
0.873913043
0.847826087
0.847826087
0.717391304
0.817391304
0.717391304
0.717391304
0.695652174
0.791304348
0.704347826
0.717391304
0.647826087
0.082608696
0
0
0
0
0
0.095652174
0
0.052173913
0.060869565
0.182608696
0.886956522
0.743478261
0.8
0.682608696
0.691304348
0.634782609
0.67826087
0.595652174
0.7
0.726086957
0.704347826
0.717391304
0
0.647826087
0.717391304
0.073913043
0
0
0
0
0
0
0
0.234782609
0.891304348
0.865217391
0.773913043
0.673913043
0.486956522
0.565217391
0.486956522
0.486956522
0.539130435
0.573913043
0.717391304
0.708695652
0.008695652
0.486956522
0.304347826
0.143478261
0.004347826
0.1
0
0.004347826
0.117391304
0
0
0.095652174
0.817391304
0.886956522
0.882608696
0.769565217
0.656521739
0.656521739
0.656521739
0.656521739
0.886956522
0.056521739
0
0
0.126086957
0.443478261
0.108695652
0.004347826
0.082608696
0.030434783
0.039130435
0.082608696
0
0.113043478
0
0.069565217
0.052173913
0.126086957
0.091304348
0.134782609
0.130434783
0.134782609
0.165217391
0.130434783
0.152173913
0.165217391
0.169565217
0.147826087
0.108695652
0.082608696
0
0.104347826
0.091304348
0.060869565
0.1
0.134782609
0.060869565
0.052173913
0.139130435
0.852173913
0.817391304
0.660869565
0.569565217
0.630434783
0.752173913
0.486956522
0.591304348
0.717391304
0.673913043
0.647826087
0.717391304
0.313043478
0.408695652
0
0
0
0
0
0
0
0
0
0.004347826
0.87826087
0.817391304
0.691304348
0.782608696
0.82173913
0.504347826
0.791304348
0.713043478
0.695652174
0.717391304
0.717391304
0.717391304
0.004347826
0.6
0.12173913
0
0
0
0
0
0
0
0
0.008695652
0.834782609
0.808695652
0.586956522
0.486956522
0.7
0.730434783
0.573913043
0.530434783
0.717391304
0.639130435
0.708695652
0.717391304
0.004347826
0.660869565
0.056521739
0
0.07826087
0
0.07826087
0
0.07826087
0
0.117391304
0.169565217
0.873913043
0.734782609
0.673913043
0.739130435
0.713043478
0.582608696
0.595652174
0.630434783
0.652173913
0.717391304
0.747826087
0.760869565
0.295652174
0.430434783
0
0
0
0.047826087
0.047826087
0
0.117391304
0
0.047826087
0.17826087
0.860869565
0.865217391
0.795652174
0.856521739
0.673913043
0.62173913
0.639130435
0.643478261
0.734782609
0.786956522
0.743478261
0.717391304
0
0.208695652
0.591304348
0.026086957
0.117391304
0.008695652
0.113043478
0.030434783
0.117391304
0.117391304
0.02173913
0.113043478
0.808695652
0.886956522
0.886956522
0.882608696
0.852173913
0.673913043
0.813043478
0.743478261
0.882608696
0.082608696
0.12173913
0.469565217
0.482608696
0.060869565
0.134782609
0.043478261
0.060869565
0.126086957
0.082608696
0.039130435
0.117391304
0.07826087
0.043478261
0.108695652
0.134782609
0.108695652
0.113043478
0.152173913
0.169565217
0.143478261
0.12173913
0
0
0
0
0
0
0
0
0.026086957
0.169565217
0.143478261
0.143478261
0.104347826
0.1
0.091304348
0.1
0.2
0.891304348
0.886956522
0.886956522
0.865217391
0.808695652
0.6
0.660869565
0.67826087
0.669565217
0.704347826
0.717391304
0.795652174
0.526086957
0.2
0.07826087
0.052173913
0.143478261
0.086956522
0.047826087
0.108695652
0.139130435
0.086956522
0.073913043
0.173913043
0.813043478
0.830434783
0.617391304
0.739130435
0.77826087
0.782608696
0.67826087
0.704347826
0.795652174
0.847826087
0.77826087
0.813043478
0.343478261
0.443478261
0.013043478
0.104347826
0.043478261
0.065217391
0.12173913
0.008695652
0.12173913
0.013043478
0.095652174
0.126086957
0.886956522
0.873913043
0.847826087
0.847826087
0.717391304
0.817391304
0.717391304
0.717391304
0.695652174
0.791304348
0.704347826
0.717391304
0.647826087
0.082608696
0
0
0
0
0
0.095652174
0
0.052173913
0.060869565
0.182608696
0.886956522
0.743478261
0.8
0.682608696
0.691304348
0.634782609
0.67826087
0.595652174
0.7
0.726086957
0.704347826
0.717391304
0
0.647826087
0.717391304
0.073913043
0
0
0
0
0
0
0
0.234782609
0.891304348
0.865217391
0.773913043
0.673913043
0.486956522
0.565217391
0.486956522
0.486956522
0.539130435
0.573913043
0.717391304
0.708695652
0.008695652
0.486956522
0.304347826
0.143478261
0.004347826
0.1
0
0.004347826
0.117391304
0
0
0.095652174
0.817391304
0.886956522
0.882608696
0.769565217
0.656521739
0.656521739
0.656521739
0.656521739
0.886956522
0.056521739
0
0
0.126086957
0.443478261
0.108695652
0.004347826
0.082608696
0.030434783
0.039130435
0.082608696
0
0.113043478
0
0.069565217
0.052173913
0.126086957
0.091304348
0.134782609
0.130434783
0.134782609
0.165217391
0.130434783
0.152173913
0.165217391
0.169565217
0.147826087
0.108695652
0.082608696
0
0.104347826
0.091304348
0.060869565
0.1
0.134782609
0.060869565
0.052173913
0.139130435
0.852173913
0.817391304
0.660869565
0.569565217
0.630434783
0.752173913
0.486956522
0.591304348
0.717391304
0.673913043
0.647826087
0.717391304
0.313043478
0.408695652
0
0
0
0
0
0
0
0
0
0.004347826
0.87826087
0.817391304
0.691304348
0.782608696
0.82173913
0.504347826
0.791304348
0.713043478
0.695652174
0.717391304
0.717391304
0.717391304
0.004347826
0.6
0.12173913
0
0
0
0
0
0
0
0
0.008695652
0.834782609
0.808695652
0.586956522
0.486956522
0.7
0.730434783
0.573913043
0.530434783
0.717391304
0.639130435
0.708695652
0.717391304
0.004347826
0.660869565
0.056521739
0
0.07826087
0
0.07826087
0
0.07826087
0
0.117391304
0.169565217
0.873913043
0.734782609
0.673913043
0.739130435
0.713043478
0.582608696
0.595652174
0.630434783
0.652173913
0.717391304
0.747826087
0.760869565
0.295652174
0.430434783
0
0
0
0.047826087
0.047826087
0
0.117391304
0
0.047826087
0.17826087
0.860869565
0.865217391
0.795652174
0.856521739
0.673913043
0.62173913
0.639130435
0.643478261
0.734782609
0.786956522
0.743478261
0.717391304
0
0.208695652
0.591304348
0.026086957
0.117391304
0.008695652
0.113043478
0.030434783
0.117391304
0.117391304
0.02173913
0.113043478
0.808695652
0.886956522
0.886956522
0.882608696
0.852173913
0.673913043
0.813043478
0.743478261
0.882608696
0.082608696
0.12173913
0.469565217
0.482608696
0.060869565
0.134782609
0.043478261
0.060869565
0.126086957
0.082608696
0.039130435
0.117391304
0.07826087
0.043478261
0.108695652
0.134782609
0.108695652
0.113043478
0.152173913
0.169565217
0.143478261
0.12173913
0
0
0
0
0
0
0
0
0.026086957
0.169565217
0.143478261
0.143478261
0.104347826
0.1
0.091304348
0.1
0.2
0.891304348
0.886956522
0.886956522
0.865217391
0.808695652
0.6
0.660869565
0.67826087
0.669565217
0.704347826
0.717391304
0.795652174
0.526086957
0.2
0.07826087
0.052173913
0.143478261
0.086956522
0.047826087
0.108695652
0.139130435
0.086956522
0.073913043
0.173913043
0.813043478
0.830434783
0.617391304
0.739130435
0.77826087
0.782608696
0.67826087
0.704347826
0.795652174
0.847826087
0.77826087
0.813043478
0.343478261
0.443478261
0.013043478
0.104347826
0.043478261
0.065217391
0.12173913
0.008695652
0.12173913
0.013043478
0.095652174
0.126086957
0.886956522
0.873913043
0.847826087
0.847826087
0.717391304
0.817391304
0.717391304
0.717391304
0.695652174
0.791304348
0.704347826
0.717391304
0.647826087
0.082608696
0
0
0
0
0
0.095652174
0
0.052173913
0.060869565
0.182608696
0.886956522
0.743478261
0.8
0.682608696
0.691304348
0.634782609
0.67826087
0.595652174
0.7
0.726086957
0.704347826
0.717391304
0
0.647826087
0.717391304
0.073913043
0
0
0
0
0
0
0
0.234782609
0.891304348
0.865217391
0.773913043
0.673913043
0.486956522
0.565217391
0.486956522
0.486956522
0.539130435
0.573913043
0.717391304
0.708695652
0.008695652
0.486956522
0.304347826
0.143478261
0.004347826
0.1
0
0.004347826
0.117391304
0
0
0.095652174
0.817391304
0.886956522
0.882608696
0.769565217
0.656521739
0.656521739
0.656521739
0.656521739
0.886956522
0.056521739
0
0
0.126086957
0.443478261
0.108695652
0.004347826
0.082608696
0.030434783
0.039130435
0.082608696
0
0.113043478
0
0.069565217
0.052173913
0.126086957
0.091304348
0.134782609
0.130434783
0.134782609
0.165217391
0.130434783
0.152173913
0.165217391
0.169565217
0.147826087
0.108695652
0.082608696
0
0.104347826
0.091304348
0.060869565
0.1
0.134782609
0.060869565
0.052173913
0.139130435
0.852173913
0.817391304
0.660869565
0.569565217
0.630434783
0.752173913
0.486956522
0.591304348
0.717391304
0.673913043
0.647826087
0.717391304
0.313043478
0.408695652
0
0
0
0
0
0
0
0
0
0.004347826
0.87826087
0.817391304
0.691304348
0.782608696
0.82173913
0.504347826
0.791304348
0.713043478
0.695652174
0.717391304
0.717391304
0.717391304
0.004347826
0.6
0.12173913
0
0
0
0
0
0
0
0
0.008695652
0.834782609
0.808695652
0.586956522
0.486956522
0.7
0.730434783
0.573913043
0.530434783
0.717391304
0.639130435
0.708695652
0.717391304
0.004347826
0.660869565
0.056521739
0
0.07826087
0
0.07826087
0
0.07826087
0
0.117391304
0.169565217
0.873913043
0.734782609
0.673913043
0.739130435
0.713043478
0.582608696
0.595652174
0.630434783
0.652173913
0.717391304
0.747826087
0.760869565
0.295652174
0.430434783
0
0
0
0.047826087
0.047826087
0
0.117391304
0
0.047826087
0.17826087
0.860869565
0.865217391
0.795652174
0.856521739
0.673913043
0.62173913
0.639130435
0.643478261
0.734782609
0.786956522
0.743478261
0.717391304
0
0.208695652
0.591304348
0.026086957
0.117391304
0.008695652
0.113043478
0.030434783
0.117391304
0.117391304
0.02173913
0.113043478
0.808695652
0.886956522
0.886956522
0.882608696
0.852173913
0.673913043
0.813043478
0.743478261
0.882608696
0.082608696
0.12173913
0.469565217
0.482608696
0.060869565
0.134782609
0.043478261
0.060869565
0.126086957
0.082608696
0.039130435
0.117391304
0.07826087
0.043478261
0.108695652
0.134782609
0.108695652
0.113043478
0.152173913
0.169565217
0.143478261
0.12173913
0
0
0
0
0
0
0
0
0.026086957
0.169565217
0.143478261
0.143478261
0.104347826
0.1
0.091304348
0.1
0.2
0.891304348
0.886956522
0.886956522
0.865217391
0.808695652
0.6
0.660869565
0.67826087
0.669565217
0.704347826
0.717391304
0.795652174
0.526086957
0.2
0.07826087
0.052173913
0.143478261
0.086956522
0.047826087
0.108695652
0.139130435
0.086956522
0.073913043
0.173913043
0.813043478
0.830434783
0.617391304
0.739130435
0.77826087
0.782608696
0.67826087
0.704347826
0.795652174
0.847826087
0.77826087
0.813043478
0.343478261
0.443478261
0.013043478
0.104347826
0.043478261
0.065217391
0.12173913
0.008695652
0.12173913
0.013043478
0.095652174
0.126086957
0.886956522
0.873913043
0.847826087
0.847826087
0.717391304
0.817391304
0.717391304
0.717391304
0.695652174
0.791304348
0.704347826
0.717391304
0.647826087
0.082608696
0
0
0
0
0
0.095652174
0
0.052173913
0.060869565
0.182608696
0.886956522
0.743478261
0.8
0.682608696
0.691304348
0.634782609
0.67826087
0.595652174
0.7
0.726086957
0.704347826
0.717391304
0
0.647826087
0.717391304
0.073913043
0
0
0
0
0
0
0
0.234782609
0.891304348
0.865217391
0.773913043
0.673913043
0.486956522
0.565217391
0.486956522
0.486956522
0.539130435
0.573913043
0.717391304
0.708695652
0.008695652
0.486956522
0.304347826
0.143478261
0.004347826
0.1
0
0.004347826
0.117391304
0
0
0.095652174
0.817391304
0.886956522
0.882608696
0.769565217
0.656521739
0.656521739
0.656521739
0.656521739
0.886956522
0.056521739
0
0
0.126086957
0.443478261
0.108695652
0.004347826
0.082608696
0.030434783
0.039130435
0.082608696
0
0.113043478
0
0.069565217
0.052173913
0.126086957
0.091304348
0.134782609
0.130434783
0.134782609
0.165217391
0.130434783
0.152173913
0.165217391
0.169565217
0.147826087
0.108695652
0.082608696
0
0.104347826
0.091304348
0.060869565
0.1
0.134782609
0.060869565
0.052173913
0.139130435
0.852173913
0.817391304
0.660869565
0.569565217
0.630434783
0.752173913
0.486956522
0.591304348
0.717391304
0.673913043
0.647826087
0.717391304
0.313043478
0.408695652
0
0
0
0
0
0
0
0
0
0.004347826
0.87826087
0.817391304
0.691304348
0.782608696
0.82173913
0.504347826
0.791304348
0.713043478
0.695652174
0.717391304
0.717391304
0.717391304
0.004347826
0.6
0.12173913
0
0
0
0
0
0
0
0
0.008695652
0.834782609
0.808695652
0.586956522
0.486956522
0.7
0.730434783
0.573913043
0.530434783
0.717391304
0.639130435
0.708695652
0.717391304
0.004347826
0.660869565
0.056521739
0
0.07826087
0
0.07826087
0
0.07826087
0
0.117391304
0.169565217
0.873913043
0.734782609
0.673913043
0.739130435
0.713043478
0.582608696
0.595652174
0.630434783
0.652173913
0.717391304
0.747826087
0.760869565
0.295652174
0.430434783
0
0
0
0.047826087
0.047826087
0
0.117391304
0
0.047826087
0.17826087
0.860869565
0.865217391
0.795652174
0.856521739
0.673913043
0.62173913
0.639130435
0.643478261
0.734782609
0.786956522
0.743478261
0.717391304
0
0.208695652
0.591304348
0.026086957
0.117391304
0.008695652
0.113043478
0.030434783
0.117391304
0.117391304
0.02173913
0.113043478
0.808695652
0.886956522
0.886956522
0.882608696
0.852173913
0.673913043
0.813043478
0.743478261
0.882608696
0.082608696
0.12173913
0.469565217
0.482608696
0.060869565
0.134782609
0.043478261
0.060869565
0.126086957
0.082608696
0.039130435
0.117391304
0.07826087
0.043478261
0.108695652
0.134782609
0.108695652
0.113043478
0.152173913
0.169565217
0.143478261
0.12173913
0
0
0
0
0
0
0
0
0.026086957
0.169565217
0.143478261
0.143478261
0.104347826
0.1
0.091304348
0.1
0.2
0.891304348
0.886956522
0.886956522
0.865217391
0.808695652
0.6
0.660869565
0.67826087
0.669565217
0.704347826
0.717391304
0.795652174
0.526086957
0.2
0.07826087
0.052173913
0.143478261
0.086956522
0.047826087
0.108695652
0.139130435
0.086956522
0.073913043
0.173913043
0.813043478
0.830434783
0.617391304
0.739130435
0.77826087
0.782608696
0.67826087
0.704347826
0.795652174
0.847826087
0.77826087
0.813043478
0.343478261
0.443478261
0.013043478
0.104347826
0.043478261
0.065217391
0.12173913
0.008695652
0.12173913
0.013043478
0.095652174
0.126086957
0.886956522
0.873913043
0.847826087
0.847826087
0.717391304
0.817391304
0.717391304
0.717391304
0.695652174
0.791304348
0.704347826
0.717391304
0.647826087
0.082608696
0
0
0
0
0
0.095652174
0
0.052173913
0.060869565
0.182608696
0.886956522
0.743478261
0.8
0.682608696
0.691304348
0.634782609
0.67826087
0.595652174
0.7
0.726086957
0.704347826
0.717391304
0
0.647826087
0.717391304
0.073913043
0
0
0
0
0
0
0
0.234782609
0.891304348
0.865217391
0.773913043
0.673913043
0.486956522
0.565217391
0.486956522
0.486956522
0.539130435
0.573913043
0.717391304
0.708695652
0.008695652
0.486956522
0.304347826
0.143478261
0.004347826
0.1
0
0.004347826
0.117391304
0
0
0.095652174
0.817391304
0.886956522
0.882608696
0.769565217
0.656521739
0.656521739
0.656521739
0.656521739
0.886956522
0.056521739
0
0
0.126086957
0.443478261
0.108695652
0.004347826
0.082608696
0.030434783
0.039130435
0.082608696
0
0.113043478
0
0.069565217
0.052173913
0.126086957
0.091304348
0.134782609
0.130434783
0.134782609
0.165217391
0.130434783
0.152173913
0.165217391
0.169565217
0.147826087
0.108695652
0.082608696
0
0.104347826
0.091304348
0.060869565
0.1
0.134782609
0.060869565
0.052173913
0.139130435
0.852173913
0.817391304
0.660869565
0.569565217
0.630434783
0.752173913
0.486956522
0.591304348
0.717391304
0.673913043
0.647826087
0.717391304
0.313043478
0.408695652
0
0
0
0
0
0
0
0
0
0.004347826
0.87826087
0.817391304
0.691304348
0.782608696
0.82173913
0.504347826
0.791304348
0.713043478
0.695652174
0.717391304
0.717391304
0.717391304
0.004347826
0.6
0.12173913
0
0
0
0
0
0
0
0
0.008695652
0.834782609
0.808695652
0.586956522
0.486956522
0.7
0.730434783
0.573913043
0.530434783
0.717391304
0.639130435
0.708695652
0.717391304
0.004347826
0.660869565
0.056521739
0
0.07826087
0
0.07826087
0
0.07826087
0
0.117391304
0.169565217
0.873913043
0.734782609
0.673913043
0.739130435
0.713043478
0.582608696
0.595652174
0.630434783
0.652173913
0.717391304
0.747826087
0.760869565
0.295652174
0.430434783
0
0
0
0.047826087
0.047826087
0
0.117391304
0
0.047826087
0.17826087
0.860869565
0.865217391
0.795652174
0.856521739
0.673913043
0.62173913
0.639130435
0.643478261
0.734782609
0.786956522
0.743478261
0.717391304
0
0.208695652
0.591304348
0.026086957
0.117391304
0.008695652
0.113043478
0.030434783
0.117391304
0.117391304
0.02173913
0.113043478
0.808695652
0.886956522
0.886956522
0.882608696
0.852173913
0.673913043
0.813043478
0.743478261
0.882608696
0.082608696
0.12173913
0.469565217
0.482608696
0.060869565
0.134782609
0.043478261
0.060869565
0.126086957
0.082608696
0.039130435
0.117391304
0.07826087
0.043478261
0.108695652
0.134782609
0.108695652
0.113043478
0.152173913
0.169565217
0.143478261
0.12173913
0
0
0
0
0
0
0
0
0.026086957
0.169565217
0.143478261
0.143478261
0.104347826
0.1
0.091304348
0.1
0.2
0.891304348
0.886956522
0.886956522
0.865217391
0.808695652
0.6
0.660869565
0.67826087
0.669565217
0.704347826
0.717391304
0.795652174
0.526086957
0.2
0.07826087
0.052173913
0.143478261
0.086956522
0.047826087
0.108695652
0.139130435
0.086956522
0.073913043
0.173913043
0.813043478
0.830434783
0.617391304
0.739130435
0.77826087
0.782608696
0.67826087
0.704347826
0.795652174
0.847826087
0.77826087
0.813043478
0.343478261
0.443478261
0.013043478
0.104347826
0.043478261
0.065217391
0.12173913
0.008695652
0.12173913
0.013043478
0.095652174
0.126086957
0.886956522
0.873913043
0.847826087
0.847826087
0.717391304
0.817391304
0.717391304
0.717391304
0.695652174
0.791304348
0.704347826
0.717391304
0.647826087
0.082608696
0
0
0
0
0
0.095652174
0
0.052173913
0.060869565
0.182608696
0.886956522
0.743478261
0.8
0.682608696
0.691304348
0.634782609
0.67826087
0.595652174
0.7
0.726086957
0.704347826
0.717391304
0
0.647826087
0.717391304
0.073913043
0
0
0
0
0
0
0
0.234782609
0.891304348
0.865217391
0.773913043
0.673913043
0.486956522
0.565217391
0.486956522
0.486956522
0.539130435
0.573913043
0.717391304
0.708695652
0.008695652
0.486956522
0.304347826
0.143478261
0.004347826
0.1
0
0.004347826
0.117391304
0
0
0.095652174
0.817391304
0.886956522
0.882608696
0.769565217
0.656521739
0.656521739
0.656521739
0.656521739
0.886956522
0.056521739
0
0
0.126086957
0.443478261
0.108695652
0.004347826
0.082608696
0.030434783
0.039130435
0.082608696
0
0.113043478
0
0.069565217
0.052173913
0.126086957
0.091304348
0.134782609
0.130434783
0.134782609
0.165217391
0.130434783
0.152173913
0.165217391
0.169565217
0.147826087
0.108695652
0.082608696
0
0.104347826
0.091304348
0.060869565
0.1
0.134782609
0.060869565
0.052173913
0.139130435
0.852173913
0.817391304
0.660869565
0.569565217
0.630434783
0.752173913
0.486956522
0.591304348
0.717391304
0.673913043
0.647826087
0.717391304
0.313043478
0.408695652
0
0
0
0
0
0
0
0
0
0.004347826
0.87826087
0.817391304
0.691304348
0.782608696
0.82173913
0.504347826
0.791304348
0.713043478
0.695652174
0.717391304
0.717391304
0.717391304
0.004347826
0.6
0.12173913
0
0
0
0
0
0
0
0
0.008695652
0.834782609
0.808695652
0.586956522
0.486956522
0.7
0.730434783
0.573913043
0.530434783
0.717391304
0.639130435
0.708695652
0.717391304
0.004347826
0.660869565
0.056521739
0
0.07826087
0
0.07826087
0
0.07826087
0
0.117391304
0.169565217
0.873913043
0.734782609
0.673913043
0.739130435
0.713043478
0.582608696
0.595652174
0.630434783
0.652173913
0.717391304
0.747826087
0.760869565
0.295652174
0.430434783
0
0
0
0.047826087
0.047826087
0
0.117391304
0
0.047826087
0.17826087
0.860869565
0.865217391
0.795652174
0.856521739
0.673913043
0.62173913
0.639130435
0.643478261
0.734782609
0.786956522
0.743478261
0.717391304
0
0.208695652
0.591304348
0.026086957
0.117391304
0.008695652
0.113043478
0.030434783
0.117391304
0.117391304
0.02173913
0.113043478
0.808695652
0.886956522
0.886956522
0.882608696
0.852173913
0.673913043
0.813043478
0.743478261
0.882608696
0.082608696
0.12173913
0.469565217
0.482608696
0.060869565
0.134782609
0.043478261
0.060869565
0.126086957
0.082608696
0.039130435
0.117391304
0.07826087
0.043478261
0.108695652
0.134782609
0.108695652
0.113043478
0.152173913
0.169565217
0.143478261
0.12173913
0
0
0
0
0
0
0
0
0.026086957
0.169565217
0.143478261
0.143478261
0.104347826
0.1
0.091304348
0.1
0.2
0.891304348
0.886956522
0.886956522
0.865217391
0.808695652
0.6
0.660869565
0.67826087
0.669565217
0.704347826
0.717391304
0.795652174
0.526086957
0.2
0.07826087
0.052173913
0.143478261
0.086956522
0.047826087
0.108695652
0.139130435
0.086956522
0.073913043
0.173913043
0.813043478
0.830434783
0.617391304
0.739130435
0.77826087
0.782608696
0.67826087
0.704347826
0.795652174
0.847826087
0.77826087
0.813043478
0.343478261
0.443478261
0.013043478
0.104347826
0.043478261
0.065217391
0.12173913
0.008695652
0.12173913
0.013043478
0.095652174
0.126086957
0.886956522
0.873913043
0.847826087
0.847826087
0.717391304
0.817391304
0.717391304
0.717391304
0.695652174
0.791304348
0.704347826
0.717391304
0.647826087
0.082608696
0
0
0
0
0
0.095652174
0
0.052173913
0.060869565
0.182608696
0.886956522
0.743478261
0.8
0.682608696
0.691304348
0.634782609
0.67826087
0.595652174
0.7
0.726086957
0.704347826
0.717391304
0
0.647826087
0.717391304
0.073913043
0
0
0
0
0
0
0
0.234782609
0.891304348
0.865217391
0.773913043
0.673913043
0.486956522
0.565217391
0.486956522
0.486956522
0.539130435
0.573913043
0.717391304
0.708695652
0.008695652
0.486956522
0.304347826
0.143478261
0.004347826
0.1
0
0.004347826
0.117391304
0
0
0.095652174
0.817391304
0.886956522
0.882608696
0.769565217
0.656521739
0.656521739
0.656521739
0.656521739
0.886956522
0.056521739
0
0
0.126086957
0.443478261
0.108695652
0.004347826
0.082608696
0.030434783
0.039130435
0.082608696
0
0.113043478
0
0.069565217
0.052173913
0.126086957
0.091304348
0.134782609
0.130434783
0.134782609
0.165217391
0.130434783
0.152173913
0.165217391
0.169565217
0.147826087
0.108695652
0.082608696
0
0.104347826
0.091304348
0.060869565
0.1
0.134782609
0.060869565
0.052173913
0.139130435
0.852173913
0.817391304
0.660869565
0.569565217
0.630434783
0.752173913
0.486956522
0.591304348
0.717391304
0.673913043
0.647826087
0.717391304
0.313043478
0.408695652
0
0
0
0
0
0
0
0
0
0.004347826
0.87826087
0.817391304
0.691304348
0.782608696
0.82173913
0.504347826
0.791304348
0.713043478
0.695652174
0.717391304
0.717391304
0.717391304
0.004347826
0.6
0.12173913
0
0
0
0
0
0
0
0
0.008695652
0.834782609
0.808695652
0.586956522
0.486956522
0.7
0.730434783
0.573913043
0.530434783
0.717391304
0.639130435
0.708695652
0.717391304
0.004347826
0.660869565
0.056521739
0
0.07826087
0
0.07826087
0
0.07826087
0
0.117391304
0.169565217
0.873913043
0.734782609
0.673913043
0.739130435
0.713043478
0.582608696
0.595652174
0.630434783
0.652173913
0.717391304
0.747826087
0.760869565
0.295652174
0.430434783
0
0
0
0.047826087
0.047826087
0
0.117391304
0
0.047826087
0.17826087
0.860869565
0.865217391
0.795652174
0.856521739
0.673913043
0.62173913
0.639130435
0.643478261
0.734782609
0.786956522
0.743478261
0.717391304
0
0.208695652
0.591304348
0.026086957
0.117391304
0.008695652
0.113043478
0.030434783
0.117391304
0.117391304
0.02173913
0.113043478
0.808695652
0.886956522
0.886956522
0.882608696
0.852173913
0.673913043
0.813043478
0.743478261
0.882608696
0.082608696
0.12173913
0.469565217
0.482608696
0.060869565
0.134782609
0.043478261
0.060869565
0.126086957
0.082608696
0.039130435
0.117391304
0.07826087
0.043478261
0.108695652
0.134782609
0.108695652
0.113043478
0.152173913
0.169565217
0.143478261
0.12173913
0
0
0
0
0
0
0
0
0.026086957
0.169565217
0.143478261
0.143478261
0.104347826
0.1
0.091304348
0.1
0.2
0.891304348
0.886956522
0.886956522
0.865217391
0.808695652
0.6
0.660869565
0.67826087
0.669565217
0.704347826
0.717391304
0.795652174
0.526086957
0.2
0.07826087
0.052173913
0.143478261
0.086956522
0.047826087
0.108695652
0.139130435
0.086956522
0.073913043
0.173913043
0.813043478
0.830434783
0.617391304
0.739130435
0.77826087
0.782608696
0.67826087
0.704347826
0.795652174
0.847826087
0.77826087
0.813043478
0.343478261
0.443478261
0.013043478
0.104347826
0.043478261
0.065217391
0.12173913
0.008695652
0.12173913
0.013043478
0.095652174
0.126086957
0.886956522
0.873913043
0.847826087
0.847826087
0.717391304
0.817391304
0.717391304
0.717391304
0.695652174
0.791304348
0.704347826
0.717391304
0.647826087
0.082608696
0
0
0
0
0
0.095652174
0
0.052173913
0.060869565
0.182608696
0.886956522
0.743478261
0.8
0.682608696
0.691304348
0.634782609
0.67826087
0.595652174
0.7
0.726086957
0.704347826
0.717391304
0
0.647826087
0.717391304
0.073913043
0
0
0
0
0
0
0
0.234782609
0.891304348
0.865217391
0.773913043
0.673913043
0.486956522
0.565217391
0.486956522
0.486956522
0.539130435
0.573913043
0.717391304
0.708695652
0.008695652
0.486956522
0.304347826
0.143478261
0.004347826
0.1
0
0.004347826
0.117391304
0
0
0.095652174
0.817391304
0.886956522
0.882608696
0.769565217
0.656521739
0.656521739
0.656521739
0.656521739
0.886956522
0.056521739
0
0
0.126086957
0.443478261
0.108695652
0.004347826
0.082608696
0.030434783
0.039130435
0.082608696
0
0.113043478
0
0.069565217
0.052173913
0.126086957
0.091304348
0.134782609
0.130434783
0.134782609
0.165217391
0.130434783
0.152173913
0.165217391
0.169565217
0.147826087
0.108695652
0.082608696
0
0.104347826
0.091304348
0.060869565
0.1
0.134782609
0.060869565
0.052173913
0.139130435
0.852173913
0.817391304
0.660869565
0.569565217
0.630434783
0.752173913
0.486956522
0.591304348
0.717391304
0.673913043
0.647826087
0.717391304
0.313043478
0.408695652
0
0
0
0
0
0
0
0
0
0.004347826
0.87826087
0.817391304
0.691304348
0.782608696
0.82173913
0.504347826
0.791304348
0.713043478
0.695652174
0.717391304
0.717391304
0.717391304
0.004347826
0.6
0.12173913
0
0
0
0
0
0
0
0
0.008695652
0.834782609
0.808695652
0.586956522
0.486956522
0.7
0.730434783
0.573913043
0.530434783
0.717391304
0.639130435
0.708695652
0.717391304
0.004347826
0.660869565
0.056521739
0
0.07826087
0
0.07826087
0
0.07826087
0
0.117391304
0.169565217
0.873913043
0.734782609
0.673913043
0.739130435
0.713043478
0.582608696
0.595652174
0.630434783
0.652173913
0.717391304
0.747826087
0.760869565
0.295652174
0.430434783
0
0
0
0.047826087
0.047826087
0
0.117391304
0
0.047826087
0.17826087
0.860869565
0.865217391
0.795652174
0.856521739
0.673913043
0.62173913
0.639130435
0.643478261
0.734782609
0.786956522
0.743478261
0.717391304
0
0.208695652
0.591304348
0.026086957
0.117391304
0.008695652
0.113043478
0.030434783
0.117391304
0.117391304
0.02173913
0.113043478
0.808695652
0.886956522
0.886956522
0.882608696
0.852173913
0.673913043
0.813043478
0.743478261
0.882608696
0.082608696
0.12173913
0.469565217
0.482608696
0.060869565
0.134782609
0.043478261
0.060869565
0.126086957
0.082608696
0.039130435
0.117391304
0.07826087
0.043478261
0.108695652
0.134782609
0.108695652
0.113043478
0.152173913
0.169565217
0.143478261
0.12173913
0
0
0
0
0
0
0
0
0.026086957
0.169565217
0.143478261
0.143478261
0.104347826
0.1
0.091304348
0.1
0.2
0.891304348
0.886956522
0.886956522
0.865217391
0.808695652
0.6
0.660869565
0.67826087
0.669565217
0.704347826
0.717391304
0.795652174
0.526086957
0.2
0.07826087
0.052173913
0.143478261
0.086956522
0.047826087
0.108695652
0.139130435
0.086956522
0.073913043
0.173913043
0.813043478
0.830434783
0.617391304
0.739130435
0.77826087
0.782608696
0.67826087
0.704347826
0.795652174
0.847826087
0.77826087
0.813043478
0.343478261
0.443478261
0.013043478
0.104347826
0.043478261
0.065217391
0.12173913
0.008695652
0.12173913
0.013043478
0.095652174
0.126086957
0.886956522
0.873913043
0.847826087
0.847826087
0.717391304
0.817391304
0.717391304
0.717391304
0.695652174
0.791304348
0.704347826
0.717391304
0.647826087
0.082608696
0
0
0
0
0
0.095652174
0
0.052173913
0.060869565
0.182608696
0.886956522
0.743478261
0.8
0.682608696
0.691304348
0.634782609
0.67826087
0.595652174
0.7
0.726086957
0.704347826
0.717391304
0
0.647826087
0.717391304
0.073913043
0
0
0
0
0
0
0
0.234782609
0.891304348
0.865217391
0.773913043
0.673913043
0.486956522
0.565217391
0.486956522
0.486956522
0.539130435
0.573913043
0.717391304
0.708695652
0.008695652
0.486956522
0.304347826
0.143478261
0.004347826
0.1
0
0.004347826
0.117391304
0
0
0.095652174
0.817391304
0.886956522
0.882608696
0.769565217
0.656521739
0.656521739
0.656521739
0.656521739
0.886956522
0.056521739
0
0
0.126086957
0.443478261
0.108695652
0.004347826
0.082608696
0.030434783
0.039130435
0.082608696
0
0.113043478
0
0.069565217
0.052173913
0.126086957
0.091304348
0.134782609
0.130434783
0.134782609
0.165217391
0.130434783
0.152173913
0.165217391
0.169565217
0.147826087
0.108695652
0.082608696
0
0.104347826
0.091304348
0.060869565
0.1
0.134782609
0.060869565
0.052173913
0.139130435
0.852173913
0.817391304
0.660869565
0.569565217
0.630434783
0.752173913
0.486956522
0.591304348
0.717391304
0.673913043
0.647826087
0.717391304
0.313043478
0.408695652
0
0
0
0
0
0
0
0
0
0.004347826
0.87826087
0.817391304
0.691304348
0.782608696
0.82173913
0.504347826
0.791304348
0.713043478
0.695652174
0.717391304
0.717391304
0.717391304
0.004347826
0.6
0.12173913
0
0
0
0
0
0
0
0
0.008695652
0.834782609
0.808695652
0.586956522
0.486956522
0.7
0.730434783
0.573913043
0.530434783
0.717391304
0.639130435
0.708695652
0.717391304
0.004347826
0.660869565
0.056521739
0
0.07826087
0
0.07826087
0
0.07826087
0
0.117391304
0.169565217
0.873913043
0.734782609
0.673913043
0.739130435
0.713043478
0.582608696
0.595652174
0.630434783
0.652173913
0.717391304
0.747826087
0.760869565
0.295652174
0.430434783
0
0
0
0.047826087
0.047826087
0
0.117391304
0
0.047826087
0.17826087
0.860869565
0.865217391
0.795652174
0.856521739
0.673913043
0.62173913
0.639130435
0.643478261
0.734782609
0.786956522
0.743478261
0.717391304
0
0.208695652
0.591304348
0.026086957
0.117391304
0.008695652
0.113043478
0.030434783
0.117391304
0.117391304
0.02173913
0.113043478
0.808695652
0.886956522
0.886956522
0.882608696
0.852173913
0.673913043
0.813043478
0.743478261
0.882608696
0.082608696
0.12173913
0.469565217
0.482608696
0.060869565
0.134782609
0.043478261
0.060869565
0.126086957
0.082608696
0.039130435
0.117391304
0.07826087
0.043478261
0.108695652
0.134782609
0.108695652
0.113043478
0.152173913
0.169565217
0.143478261
0.12173913
0
0
0
0
0
0
0
0
0.026086957
0.169565217
0.143478261
0.143478261
0.104347826
0.1
0.091304348
0.1
0.2
0.891304348
0.886956522
0.886956522
0.865217391
0.808695652
0.6
0.660869565
0.67826087
0.669565217
0.704347826
0.717391304
0.795652174
0.526086957
0.2
0.07826087
0.052173913
0.143478261
0.086956522
0.047826087
0.108695652
0.139130435
0.086956522
0.073913043
0.173913043
0.813043478
0.830434783
0.617391304
0.739130435
0.77826087
0.782608696
0.67826087
0.704347826
0.795652174
0.847826087
0.77826087
0.813043478
0.343478261
0.443478261
0.013043478
0.104347826
0.043478261
0.065217391
0.12173913
0.008695652
0.12173913
0.013043478
0.095652174
0.126086957
0.886956522
0.873913043
0.847826087
0.847826087
0.717391304
0.817391304
0.717391304
0.717391304
0.695652174
0.791304348
0.704347826
0.717391304
0.647826087
0.082608696
0
0
0
0
0
0.095652174
0
0.052173913
0.060869565
0.182608696
0.886956522
0.743478261
0.8
0.682608696
0.691304348
0.634782609
0.67826087
0.595652174
0.7
0.726086957
0.704347826
0.717391304
0
0.647826087
0.717391304
0.073913043
0
0
0
0
0
0
0
0.234782609
0.891304348
0.865217391
0.773913043
0.673913043
0.486956522
0.565217391
0.486956522
0.486956522
0.539130435
0.573913043
0.717391304
0.708695652
0.008695652
0.486956522
0.304347826
0.143478261
0.004347826
0.1
0
0.004347826
0.117391304
0
0
0.095652174
0.817391304
0.886956522
0.882608696
0.769565217
0.656521739
0.656521739
0.656521739
0.656521739
0.886956522
0.056521739
0
0
0.126086957
0.443478261
0.108695652
0.004347826
0.082608696
0.030434783
0.039130435
0.082608696
0
0.113043478
0
0.069565217
0.052173913
0.126086957
0.091304348
0.134782609
0.130434783
0.134782609
0.165217391
0.130434783
0.152173913
0.165217391
0.169565217
0.147826087
0.108695652
0.082608696
0
0.104347826
0.091304348
0.060869565
0.1
0.134782609
0.060869565
0.052173913
0.139130435
0.852173913
0.817391304
0.660869565
0.569565217
0.630434783
0.752173913
0.486956522
0.591304348
0.717391304
0.673913043
0.647826087
0.717391304
0.313043478
0.408695652
0
0
0
0
0
0
0
0
0
0.004347826
0.87826087
0.817391304
0.691304348
0.782608696
0.82173913
0.504347826
0.791304348
0.713043478
0.695652174
0.717391304
0.717391304
0.717391304
0.004347826
0.6
0.12173913
0
0
0
0
0
0
0
0
0.008695652
0.834782609
0.808695652
0.586956522
0.486956522
0.7
0.730434783
0.573913043
0.530434783
0.717391304
0.639130435
0.708695652
0.717391304
0.004347826
0.660869565
0.056521739
0
0.07826087
0
0.07826087
0
0.07826087
0
0.117391304
0.169565217
0.873913043
0.734782609
0.673913043
0.739130435
0.713043478
0.582608696
0.595652174
0.630434783
0.652173913
0.717391304
0.747826087
0.760869565
0.295652174
0.430434783
0
0
0
0.047826087
0.047826087
0
0.117391304
0
0.047826087
0.17826087
0.860869565
0.865217391
0.795652174
0.856521739
0.673913043
0.62173913
0.639130435
0.643478261
0.734782609
0.786956522
0.743478261
0.717391304
0
0.208695652
0.591304348
0.026086957
0.117391304
0.008695652
0.113043478
0.030434783
0.117391304
0.117391304
0.02173913
0.113043478
0.808695652
0.886956522
0.886956522
0.882608696
0.852173913
0.673913043
0.813043478
0.743478261
0.882608696
0.082608696
0.12173913
0.469565217
0.482608696
0.060869565
0.134782609
0.043478261
0.060869565
0.126086957
0.082608696
0.039130435
0.117391304
0.07826087
0.043478261
0.108695652
0.134782609
0.108695652
0.113043478
0.152173913
0.169565217
0.143478261
0.12173913
0
0
0
0
0
0
0
0
0.026086957
0.169565217
0.143478261
0.143478261
0.104347826
0.1
0.091304348
0.1
0.2
0.891304348
0.886956522
0.886956522
0.865217391
0.808695652
0.6
0.660869565
0.67826087
0.669565217
0.704347826
0.717391304
0.795652174
0.526086957
0.2
0.07826087
0.052173913
0.143478261
0.086956522
0.047826087
0.108695652
0.139130435
0.086956522
0.073913043
0.173913043
0.813043478
0.830434783
0.617391304
0.739130435
0.77826087
0.782608696
0.67826087
0.704347826
0.795652174
0.847826087
0.77826087
0.813043478
0.343478261
0.443478261
0.013043478
0.104347826
0.043478261
0.065217391
0.12173913
0.008695652
0.12173913
0.013043478
0.095652174
0.126086957
0.886956522
0.873913043
0.847826087
0.847826087
0.717391304
0.817391304
0.717391304
0.717391304
0.695652174
0.791304348
0.704347826
0.717391304
0.647826087
0.082608696
0
0
0
0
0
0.095652174
0
0.052173913
0.060869565
0.182608696
0.886956522
0.743478261
0.8
0.682608696
0.691304348
0.634782609
0.67826087
0.595652174
0.7
0.726086957
0.704347826
0.717391304
0
0.647826087
0.717391304
0.073913043
0
0
0
0
0
0
0
0.234782609
0.891304348
0.865217391
0.773913043
0.673913043
0.486956522
0.565217391
0.486956522
0.486956522
0.539130435
0.573913043
0.717391304
0.708695652
0.008695652
0.486956522
0.304347826
0.143478261
0.004347826
0.1
0
0.004347826
0.117391304
0
0
0.095652174
0.817391304
0.886956522
0.882608696
0.769565217
0.656521739
0.656521739
0.656521739
0.656521739
0.886956522
0.056521739
0
0
0.126086957
0.443478261
0.108695652
0.004347826
0.082608696
0.030434783
0.039130435
0.082608696
0
0.113043478
0
0.069565217
0.052173913
0.126086957
0.091304348
0.134782609
0.130434783
0.134782609
0.165217391
0.130434783
0.152173913
0.165217391
0.169565217
0.147826087
0.108695652
0.082608696
0
0.104347826
0.091304348
0.060869565
0.1
0.134782609
0.060869565
0.052173913
0.139130435
0.852173913
0.817391304
0.660869565
0.569565217
0.630434783
0.752173913
0.486956522
0.591304348
0.717391304
0.673913043
0.647826087
0.717391304
0.313043478
0.408695652
0
0
0
0
0
0
0
0
0
0.004347826
0.87826087
0.817391304
0.691304348
0.782608696
0.82173913
0.504347826
0.791304348
0.713043478
0.695652174
0.717391304
0.717391304
0.717391304
0.004347826
0.6
0.12173913
0
0
0
0
0
0
0
0
0.008695652
0.834782609
0.808695652
0.586956522
0.486956522
0.7
0.730434783
0.573913043
0.530434783
0.717391304
0.639130435
0.708695652
0.717391304
0.004347826
0.660869565
0.056521739
0
0.07826087
0
0.07826087
0
0.07826087
0
0.117391304
0.169565217
0.873913043
0.734782609
0.673913043
0.739130435
0.713043478
0.582608696
0.595652174
0.630434783
0.652173913
0.717391304
0.747826087
0.760869565
0.295652174
0.430434783
0
0
0
0.047826087
0.047826087
0
0.117391304
0
0.047826087
0.17826087
0.860869565
0.865217391
0.795652174
0.856521739
0.673913043
0.62173913
0.639130435
0.643478261
0.734782609
0.786956522
0.786956522